TICKER,PER,DATE,TIME,OPEN,HIGH,LOW,CLOSE,VOL
GDAX.BTC-USD,W,20180305,000000,11469.9000000,11645.3600000,8370.0000000,9533.8800000,91886
GDAX.BTC-USD,W,20180312,000000,9533.8800000,9890.0000000,7310.0000000,8192.0000000,141792
GDAX.BTC-USD,W,20180319,000000,8192.0000000,9174.0000000,8108.3100000,8453.0000000,99963
GDAX.BTC-USD,W,20180326,000000,8453.0000000,8498.0000000,6450.0000000,6816.0100000,116602
GDAX.BTC-USD,W,20180402,000000,6816.0100000,7520.0000000,6518.8800000,7020.0100000,65586
GDAX.BTC-USD,W,20180409,000000,7020.0100000,8392.5600000,6617.0000000,8355.2500000,90665
GDAX.BTC-USD,W,20180416,000000,8355.2400000,9038.8700000,7822.0000000,8795.0100000,66762
GDAX.BTC-USD,W,20180423,000000,8795.0000000,9763.4900000,8602.4300000,9389.0100000,91832
GDAX.BTC-USD,W,20180430,000000,9389.0100000,9948.1200000,8831.2100000,9600.0000000,58194
GDAX.BTC-USD,W,20180507,000000,9600.0000000,9619.5500000,8223.4300000,8686.1000000,64505
GDAX.BTC-USD,W,20180514,000000,8686.1000000,8880.0100000,7927.2100000,8516.8600000,51849
GDAX.BTC-USD,W,20180521,000000,8516.8600000,8584.3900000,7229.0100000,7346.6400000,49075
GDAX.BTC-USD,W,20180528,000000,7346.6400000,7777.0000000,7058.0000000,7706.3700000,43662
GDAX.BTC-USD,W,20180604,000000,7706.3700000,7747.5700000,6652.0000000,6770.3100000,44068
GDAX.BTC-USD,W,20180611,000000,6770.3100000,6913.8200000,6135.0000000,6447.1600000,58262
GDAX.BTC-USD,W,20180618,000000,6447.1500000,6829.0600000,5777.0000000,6149.9900000,53732
GDAX.BTC-USD,W,20180625,000000,6150.0000000,6520.1500000,5790.0100000,6349.5000000,45178
GDAX.BTC-USD,W,20180702,000000,6349.5000000,6843.2600000,6270.0100000,6701.9700000,37075
GDAX.BTC-USD,W,20180709,000000,6701.9700000,6815.8200000,6075.1600000,6348.7300000,36549
GDAX.BTC-USD,W,20180716,000000,6348.7300000,7687.0000000,6330.3000000,7397.8000000,67432
GDAX.BTC-USD,W,20180723,000000,7400.0000000,8488.0000000,7378.2600000,8216.3400000,73120
GDAX.BTC-USD,W,20180730,000000,8216.3300000,8274.9200000,6880.0000000,7030.0100000,64966
GDAX.BTC-USD,W,20180806,000000,7030.0000000,7163.0000000,6003.0000000,6316.0100000,78095
GDAX.BTC-USD,W,20180813,000000,6316.0000000,6636.0000000,5900.0000000,6489.5300000,72533
GDAX.BTC-USD,W,20180820,000000,6489.5300000,6890.6500000,6227.7100000,6709.9800000,51235
GDAX.BTC-USD,W,20180827,000000,6709.9800000,7328.3600000,6654.1300000,7295.0000000,51552
GDAX.BTC-USD,W,20180903,000000,7294.9900000,7402.5000000,6116.0000000,6235.0100000,66613
GDAX.BTC-USD,W,20180910,000000,6235.0200000,6580.0000000,6176.7600000,6498.0000000,44445
GDAX.BTC-USD,W,20180917,000000,6498.0000000,6823.0000000,6106.3700000,6696.9900000,50873
GDAX.BTC-USD,W,20180924,000000,6696.9900000,6786.7300000,6320.5000000,6605.0000000,43771
GDAX.BTC-USD,W,20181001,000000,6605.0000000,6641.0000000,6398.9600000,6570.0000000,29205
GDAX.BTC-USD,W,20181008,000000,6569.9900000,6681.1900000,6033.3400000,6183.4900000,47564
GDAX.BTC-USD,W,20181015,000000,6183.5200000,6810.0000000,6151.5800000,6415.8800000,52216
GDAX.BTC-USD,W,20181022,000000,6415.8700000,6471.0000000,6360.0000000,6403.6200000,24093
GDAX.BTC-USD,W,20181029,000000,6403.6300000,6464.1500000,6201.6700000,6423.2800000,29715
GDAX.BTC-USD,W,20181105,000000,6423.2900000,6540.0000000,6271.1500000,6357.6000000,28376
GDAX.BTC-USD,W,20181112,000000,6357.6000000,6383.5900000,5188.0000000,5560.0000000,78832
GDAX.BTC-USD,W,20181119,000000,5560.0000000,5560.0000000,3456.7800000,3936.6900000,219372
GDAX.BTC-USD,W,20181126,000000,3936.7000000,4414.8900000,3508.0000000,4103.1900000,153566
GDAX.BTC-USD,W,20181203,000000,4102.8000000,4119.9800000,3212.0000000,3531.1800000,134498
GDAX.BTC-USD,W,20181210,000000,3531.1800000,3590.7100000,3128.8900000,3195.0000000,76795
GDAX.BTC-USD,W,20181217,000000,3194.9900000,4175.0000000,3184.2800000,3944.9300000,135039
GDAX.BTC-USD,W,20181224,000000,3944.9200000,4239.3700000,3567.0000000,3829.0000000,87115
GDAX.BTC-USD,W,20181231,000000,3829.0000000,4088.0000000,3625.0000000,4040.9900000,64095
GDAX.BTC-USD,W,20190107,000000,4040.9800000,4114.8000000,3481.5400000,3514.2400000,81144
GDAX.BTC-USD,W,20190114,000000,3514.2400000,3765.9000000,3481.0100000,3536.1900000,56765
GDAX.BTC-USD,W,20190121,000000,3537.5600000,3657.7600000,3425.0000000,3531.0200000,44516
GDAX.BTC-USD,W,20190128,000000,3531.0200000,3535.9200000,3337.8700000,3414.7800000,52858
GDAX.BTC-USD,W,20190204,000000,3415.6900000,3711.0000000,3340.8000000,3648.8400000,55955
GDAX.BTC-USD,W,20190211,000000,3648.8500000,3675.0000000,3535.1000000,3625.0800000,46027
GDAX.BTC-USD,W,20190218,000000,3625.0800000,4188.7900000,3616.1800000,3734.2200000,81460
GDAX.BTC-USD,W,20190225,000000,3734.2300000,3910.0000000,3655.0000000,3786.9300000,47452
GDAX.BTC-USD,W,20190304,000000,3786.9300000,3947.3300000,3672.3900000,3900.9200000,47303
GDAX.BTC-USD,W,20190311,000000,3900.9300000,4037.4700000,3779.2800000,3967.0100000,41807
GDAX.BTC-USD,W,20190318,000000,3967.0100000,4056.3300000,3915.1400000,3969.5200000,37792
GDAX.BTC-USD,W,20190325,000000,3969.5200000,4131.8700000,3858.0000000,4094.9900000,38709
GDAX.BTC-USD,W,20190401,000000,4095.0000000,5345.0000000,4051.5300000,5194.7900000,124144
GDAX.BTC-USD,W,20190408,000000,5194.7600000,5488.0000000,4901.9900000,5164.2700000,73213
GDAX.BTC-USD,W,20190415,000000,5163.8100000,5359.9800000,4945.5400000,5297.6400000,49240
GDAX.BTC-USD,W,20190422,000000,5297.6400000,5650.0100000,4967.0000000,5155.0000000,79083
GDAX.BTC-USD,W,20190429,000000,5155.0000000,5846.8800000,5072.0100000,5715.8600000,40881
GDAX.BTC-USD,W,20190506,000000,5715.8600000,7581.8200000,5564.9300000,6979.7600000,79102
GDAX.BTC-USD,W,20190513,000000,6979.2400000,8388.0000000,6600.0000000,8200.0000000,105457
GDAX.BTC-USD,W,20190520,000000,8194.3400000,8793.9700000,7467.1000000,8731.7200000,63570
GDAX.BTC-USD,W,20190527,000000,8732.3400000,9090.0000000,7972.0000000,8736.5500000,95644
GDAX.BTC-USD,W,20190603,000000,8736.5500000,8742.4800000,7427.0000000,7634.5800000,91117
GDAX.BTC-USD,W,20190610,000000,7635.0500000,9388.0000000,7516.9000000,8975.0000000,80760
GDAX.BTC-USD,W,20190617,000000,8975.7800000,11284.4400000,8919.7200000,10833.0200000,129722
GDAX.BTC-USD,W,20190624,000000,10833.0000000,13868.4400000,10300.0000000,10761.2600000,285011
GDAX.BTC-USD,W,20190701,000000,10761.2600000,12064.2600000,9651.0000000,11474.4200000,182891
GDAX.BTC-USD,W,20190708,000000,11474.4400000,13202.6300000,10084.4000000,10185.0300000,181066
GDAX.BTC-USD,W,20190715,000000,10190.9100000,11112.3100000,9071.0000000,10590.7000000,188436
GDAX.BTC-USD,W,20190722,000000,10590.7100000,10688.1400000,9108.8800000,9533.0000000,99146
GDAX.BTC-USD,W,20190729,000000,9533.0000000,11089.7400000,9356.7500000,10977.5100000,78769
GDAX.BTC-USD,W,20190805,000000,10977.9800000,12320.4000000,10977.9800000,11540.7600000,103904
GDAX.BTC-USD,W,20190812,000000,11540.7600000,11555.5500000,9470.0000000,10315.4800000,99435
GDAX.BTC-USD,W,20190819,000000,10315.4800000,10953.0000000,9759.0000000,10138.7200000,70590
GDAX.BTC-USD,W,20190826,000000,10142.0000000,10680.0000000,9321.7300000,9766.5200000,66542
GDAX.BTC-USD,W,20190902,000000,9766.6200000,10939.3400000,9756.5400000,10398.9700000,68508
GDAX.BTC-USD,W,20190909,000000,10401.1300000,10541.7500000,9851.9700000,10304.4600000,46416
GDAX.BTC-USD,W,20190916,000000,10303.6600000,10379.9800000,9585.8600000,10026.8000000,49860
GDAX.BTC-USD,W,20190923,000000,10026.7900000,10051.1500000,7712.4500000,8052.4000000,133241
GDAX.BTC-USD,W,20190930,000000,8054.0900000,8535.0000000,7701.0000000,7859.7900000,62139
GDAX.BTC-USD,W,20191007,000000,7859.7900000,8826.0000000,7762.3500000,8282.9700000,59280
GDAX.BTC-USD,W,20191014,000000,8282.9600000,8420.0000000,7814.0800000,8236.1200000,44232
GDAX.BTC-USD,W,20191021,000000,8235.9400000,10540.4900000,7296.4400000,9548.8400000,139179
GDAX.BTC-USD,W,20191028,000000,9555.8900000,9939.6900000,8950.0000000,9206.5200000,64009
GDAX.BTC-USD,W,20191104,000000,9206.5200000,9600.0000000,8660.0000000,9032.2300000,51485
GDAX.BTC-USD,W,20191111,000000,9032.2300000,9067.3400000,8361.0000000,8500.0100000,40529
GDAX.BTC-USD,W,20191118,000000,8501.0000000,8501.0100000,6775.4700000,6908.6400000,91186
GDAX.BTC-USD,W,20191125,000000,6908.6400000,7870.1000000,6526.0000000,7404.2700000,92246
GDAX.BTC-USD,W,20191202,000000,7405.3300000,7775.0000000,7080.0000000,7520.0000000,57187
GDAX.BTC-USD,W,20191209,000000,7520.0000000,7659.3800000,7006.0100000,7111.0000000,47029
GDAX.BTC-USD,W,20191216,000000,7111.0000000,7521.5500000,6430.0000000,7513.0600000,80075
GDAX.BTC-USD,W,20191223,000000,7514.7400000,7688.9900000,7053.3200000,7384.8900000,53200
GDAX.BTC-USD,W,20191230,000000,7384.5700000,7488.8700000,6854.6700000,7355.4000000,49875
GDAX.BTC-USD,W,20200106,000000,7355.4000000,8469.3900000,7343.1700000,8180.8100000,89611
GDAX.BTC-USD,W,20200113,000000,8180.8100000,9194.9900000,8041.9500000,8697.5300000,93882
GDAX.BTC-USD,W,20200120,000000,8697.5300000,8791.7600000,8216.7100000,8595.0000000,48396
GDAX.BTC-USD,W,20200127,000000,8595.0000000,9574.6800000,8556.6000000,9323.5000000,73439
GDAX.BTC-USD,W,20200203,000000,9325.0100000,10178.9100000,9078.0500000,10168.3500000,71886
GDAX.BTC-USD,W,20200210,000000,10168.3600000,10522.5100000,9612.1200000,9921.0000000,90229
GDAX.BTC-USD,W,20200217,000000,9920.5200000,10315.0000000,9280.9800000,9965.0100000,66663
GDAX.BTC-USD,W,20200224,000000,9965.0000000,10030.0000000,8400.0000000,8522.3100000,83154
GDAX.BTC-USD,W,20200302,000000,8522.3000000,9214.6700000,8002.2000000,8037.7600000,64556
GDAX.BTC-USD,W,20200309,000000,8037.7300000,8187.0300000,3858.0000000,5345.3500000,377094
GDAX.BTC-USD,W,20200316,000000,5346.8600000,6990.0000000,4432.3000000,5818.2500000,321320
GDAX.BTC-USD,W,20200323,000000,5815.2400000,6983.3100000,5678.2000000,5877.2100000,188675
GDAX.BTC-USD,W,20200330,000000,5878.9800000,7292.1100000,5853.0000000,6778.2500000,116364
GDAX.BTC-USD,W,20200406,000000,6778.6400000,7466.0000000,6750.0000000,6908.1300000,118995
GDAX.BTC-USD,W,20200413,000000,6908.1200000,7308.0000000,6456.0000000,7130.7100000,111946
GDAX.BTC-USD,W,20200420,000000,7130.7000000,7775.0000000,6748.7200000,7706.4000000,99239
GDAX.BTC-USD,W,20200427,000000,7706.4000000,9478.6600000,7635.6900000,8909.9500000,169336
GDAX.BTC-USD,W,20200504,000000,8907.8500000,10079.0000000,8106.7000000,8729.8600000,197056
GDAX.BTC-USD,W,20200511,000000,8729.8600000,9943.9300000,8185.0000000,9676.6300000,159818
GDAX.BTC-USD,W,20200518,000000,9677.4500000,9957.2500000,8680.7000000,8715.7300000,111485
GDAX.BTC-USD,W,20200525,000000,8715.6900000,9764.0000000,8632.9300000,9446.5700000,128780
GDAX.BTC-USD,W,20200601,000000,9445.8300000,10428.0000000,9270.0000000,9750.1200000,109317
GDAX.BTC-USD,W,20200608,000000,9750.1200000,10018.6700000,9050.0000000,9325.0000000,78982
GDAX.BTC-USD,W,20200615,000000,9328.6300000,9592.0400000,8895.0100000,9286.1400000,61965
GDAX.BTC-USD,W,20200622,000000,9286.1400000,9792.0000000,8815.0100000,9113.2400000,71245
GDAX.BTC-USD,W,20200629,000000,9113.2300000,9297.2000000,8905.8400000,9074.3900000,51360
GDAX.BTC-USD,W,20200706,000000,9074.3700000,9475.0000000,9061.5900000,9303.3700000,50455
GDAX.BTC-USD,W,20200713,000000,9303.3800000,9339.6100000,9005.0000000,9212.8700000,46169
GDAX.BTC-USD,W,20200720,000000,9214.0100000,10150.0000000,9131.0000000,9941.0000000,67155
GDAX.BTC-USD,W,20200727,000000,9941.0000000,12134.2900000,9935.0000000,11068.5400000,160990
GDAX.BTC-USD,W,20200803,000000,11067.4600000,11920.0000000,10911.7400000,11688.4800000,99205
GDAX.BTC-USD,W,20200810,000000,11688.2500000,12086.2200000,11120.0000000,11918.8400000,106343
GDAX.BTC-USD,W,20200817,000000,11918.8400000,12486.6100000,11370.0000000,11650.0100000,96229
GDAX.BTC-USD,W,20200824,000000,11650.0100000,11823.6200000,11102.7300000,11716.0100000,65558
GDAX.BTC-USD,W,20200831,000000,11716.0000000,12086.0000000,9813.0000000,10257.8600000,130648
GDAX.BTC-USD,W,20200907,000000,10258.6700000,10582.3600000,9819.8300000,10336.7600000,72759
GDAX.BTC-USD,W,20200914,000000,10336.7600000,11179.9000000,10253.0000000,10920.8900000,66429
GDAX.BTC-USD,W,20200921,000000,10920.9400000,10994.0000000,10135.2200000,10778.2000000,58840
GDAX.BTC-USD,W,20200928,000000,10779.0000000,10956.1100000,10363.7600000,10671.1100000,53235
