TICKER,PER,DATE,TIME,OPEN,HIGH,LOW,CLOSE,VOL
GDAX.BTC-USD,D,20180301,000000,10307.2600000,11075.0000000,10213.9900000,10895.9200000,4383
GDAX.BTC-USD,D,20180302,000000,10895.9300000,11149.0000000,10765.0000000,11000.0000000,4410
GDAX.BTC-USD,D,20180303,000000,11000.0100000,11494.5700000,11000.0000000,11432.5000000,4131
GDAX.BTC-USD,D,20180304,000000,11432.5100000,11487.0000000,11041.0000000,11469.9000000,2967
GDAX.BTC-USD,D,20180305,000000,11469.9000000,11645.3600000,11368.3400000,11377.5400000,3283
GDAX.BTC-USD,D,20180306,000000,11371.5000000,11395.6300000,10565.8500000,10700.0000000,17201
GDAX.BTC-USD,D,20180307,000000,10700.0000000,10892.2100000,9400.0000000,9925.0000000,8723
GDAX.BTC-USD,D,20180308,000000,9925.0000000,10098.0000000,9064.9700000,9304.8900000,8428
GDAX.BTC-USD,D,20180309,000000,9304.9000000,9410.0000000,8370.0000000,9255.0000000,20552
GDAX.BTC-USD,D,20180310,000000,9255.0000000,9518.7700000,8727.6800000,8795.4400000,14499
GDAX.BTC-USD,D,20180311,000000,8795.4500000,9759.9800000,8516.0000000,9533.8800000,19200
GDAX.BTC-USD,D,20180312,000000,9533.8800000,9890.0000000,8780.4900000,9120.0000000,19435
GDAX.BTC-USD,D,20180313,000000,9120.0000000,9472.8800000,8855.0000000,9145.4100000,15807
GDAX.BTC-USD,D,20180314,000000,9145.4200000,9340.0000000,7931.0000000,8207.0200000,24926
GDAX.BTC-USD,D,20180315,000000,8207.0200000,8400.0000000,7666.0000000,8259.9900000,25837
GDAX.BTC-USD,D,20180316,000000,8260.0000000,8600.0000000,7911.0000000,8275.0000000,15687
GDAX.BTC-USD,D,20180317,000000,8274.0900000,8349.8200000,7751.0000000,7857.6000000,12431
GDAX.BTC-USD,D,20180318,000000,7857.5900000,8302.7300000,7310.0000000,8192.0000000,27669
GDAX.BTC-USD,D,20180319,000000,8192.0000000,8757.5000000,8108.3100000,8589.0000000,22838
GDAX.BTC-USD,D,20180320,000000,8589.0000000,9046.2600000,8316.1500000,8900.0000000,16561
GDAX.BTC-USD,D,20180321,000000,8900.0000000,9174.0000000,8745.0000000,8891.8100000,14734
GDAX.BTC-USD,D,20180322,000000,8891.8100000,9073.9300000,8467.2700000,8715.0900000,13928
GDAX.BTC-USD,D,20180323,000000,8715.0900000,8927.8100000,8280.0400000,8927.1000000,13829
GDAX.BTC-USD,D,20180324,000000,8927.8000000,8999.0000000,8508.0000000,8531.3400000,10191
GDAX.BTC-USD,D,20180325,000000,8531.9600000,8670.0000000,8359.4500000,8453.0000000,7882
GDAX.BTC-USD,D,20180326,000000,8453.0000000,8498.0000000,7854.0000000,8145.0000000,17640
GDAX.BTC-USD,D,20180327,000000,8144.9900000,8219.9900000,7757.0000000,7793.6100000,13919
GDAX.BTC-USD,D,20180328,000000,7793.6100000,8088.0000000,7727.7600000,7942.7200000,8088
GDAX.BTC-USD,D,20180329,000000,7942.7300000,7957.0000000,6905.0000000,7080.0000000,20467
GDAX.BTC-USD,D,20180330,000000,7080.0000000,7275.3500000,6600.0000000,6848.0100000,27989
GDAX.BTC-USD,D,20180331,000000,6848.0100000,7200.0000000,6780.0000000,6928.5000000,13865
GDAX.BTC-USD,D,20180401,000000,6928.5000000,7044.4600000,6450.0000000,6816.0100000,14634
GDAX.BTC-USD,D,20180402,000000,6816.0100000,7100.0000000,6777.2800000,7045.0100000,9101
GDAX.BTC-USD,D,20180403,000000,7045.0100000,7520.0000000,7016.8000000,7424.9000000,18284
GDAX.BTC-USD,D,20180404,000000,7424.9100000,7424.9100000,6708.4600000,6791.6800000,12642
GDAX.BTC-USD,D,20180405,000000,6791.6800000,6923.1000000,6568.6400000,6785.8500000,10498
GDAX.BTC-USD,D,20180406,000000,6785.8600000,6847.0000000,6518.8800000,6619.0100000,8094
GDAX.BTC-USD,D,20180407,000000,6619.0100000,7059.0000000,6605.0800000,6894.0100000,4375
GDAX.BTC-USD,D,20180408,000000,6894.0100000,7099.9900000,6891.8300000,7020.0100000,2592
GDAX.BTC-USD,D,20180409,000000,7020.0100000,7169.5300000,6617.0000000,6771.1300000,13317
GDAX.BTC-USD,D,20180410,000000,6771.1400000,6885.6400000,6661.1900000,6824.9900000,6006
GDAX.BTC-USD,D,20180411,000000,6825.0000000,6972.2700000,6806.0100000,6942.9900000,7323
GDAX.BTC-USD,D,20180412,000000,6943.0000000,8050.0000000,6767.7700000,7916.0000000,29193
GDAX.BTC-USD,D,20180413,000000,7915.9900000,8220.0000000,7760.0000000,7893.1900000,18171
GDAX.BTC-USD,D,20180414,000000,7893.1900000,8150.0000000,7830.0000000,8003.1100000,7396
GDAX.BTC-USD,D,20180415,000000,8003.1200000,8392.5600000,8003.1100000,8355.2500000,9259
GDAX.BTC-USD,D,20180416,000000,8355.2400000,8398.9800000,7905.9900000,8048.9300000,12863
GDAX.BTC-USD,D,20180417,000000,8048.9200000,8162.5000000,7822.0000000,7892.1000000,7005
GDAX.BTC-USD,D,20180418,000000,7892.1100000,8239.5000000,7879.8000000,8152.0500000,6858
GDAX.BTC-USD,D,20180419,000000,8152.0500000,8300.0000000,8101.4700000,8274.0000000,9890
GDAX.BTC-USD,D,20180420,000000,8274.0000000,8929.3800000,8216.2100000,8866.2700000,12378
GDAX.BTC-USD,D,20180421,000000,8866.2700000,9038.8700000,8610.7000000,8915.4200000,11288
GDAX.BTC-USD,D,20180422,000000,8915.4200000,9015.0000000,8754.0100000,8795.0100000,6480
GDAX.BTC-USD,D,20180423,000000,8795.0000000,8991.0000000,8775.1000000,8931.3000000,7499
GDAX.BTC-USD,D,20180424,000000,8931.3100000,9728.5600000,8930.0000000,9645.1000000,18363
GDAX.BTC-USD,D,20180425,000000,9645.0000000,9763.4900000,8602.4300000,8865.9800000,27915
GDAX.BTC-USD,D,20180426,000000,8865.9800000,9318.0000000,8660.0000000,9272.1100000,13778
GDAX.BTC-USD,D,20180427,000000,9272.1200000,9369.0000000,8910.0000000,8922.5500000,11224
GDAX.BTC-USD,D,20180428,000000,8922.5600000,9447.0000000,8863.4200000,9329.9900000,7412
GDAX.BTC-USD,D,20180429,000000,9329.9900000,9512.5000000,9179.9900000,9389.0100000,5641
GDAX.BTC-USD,D,20180430,000000,9389.0100000,9447.0000000,9110.8800000,9243.8300000,7509
GDAX.BTC-USD,D,20180501,000000,9243.8300000,9245.3700000,8831.2100000,9072.2900000,10679
GDAX.BTC-USD,D,20180502,000000,9072.2900000,9251.0500000,8990.0000000,9190.4800000,7544
GDAX.BTC-USD,D,20180503,000000,9190.4700000,9797.9700000,9131.0000000,9725.7400000,10916
GDAX.BTC-USD,D,20180504,000000,9725.7400000,9745.0000000,9474.9900000,9685.0000000,8418
GDAX.BTC-USD,D,20180505,000000,9685.0000000,9948.1200000,9660.2800000,9800.0000000,6602
GDAX.BTC-USD,D,20180506,000000,9799.9900000,9880.0000000,9390.0000000,9600.0000000,6526
GDAX.BTC-USD,D,20180507,000000,9600.0000000,9619.5500000,9162.8500000,9353.0000000,9135
GDAX.BTC-USD,D,20180508,000000,9356.2500000,9463.1300000,9050.0000000,9177.8200000,9179
GDAX.BTC-USD,D,20180509,000000,9177.8100000,9370.0000000,8960.0000000,9300.0800000,6757
GDAX.BTC-USD,D,20180510,000000,9300.0800000,9386.3200000,9001.0100000,9010.5100000,6401
GDAX.BTC-USD,D,20180511,000000,9010.5100000,9010.5100000,8351.0000000,8403.3300000,16698
GDAX.BTC-USD,D,20180512,000000,8403.3300000,8658.5700000,8223.4300000,8475.0000000,10059
GDAX.BTC-USD,D,20180513,000000,8474.3100000,8774.3200000,8345.0000000,8686.1000000,6276
GDAX.BTC-USD,D,20180514,000000,8686.1000000,8880.0100000,8289.7900000,8670.0000000,13090
GDAX.BTC-USD,D,20180515,000000,8670.0000000,8847.0000000,8420.4500000,8477.4600000,9653
GDAX.BTC-USD,D,20180516,000000,8477.4700000,8500.0000000,8103.3300000,8344.0000000,7414
GDAX.BTC-USD,D,20180517,000000,8344.0100000,8483.4800000,8001.0000000,8059.0000000,7369
GDAX.BTC-USD,D,20180518,000000,8059.0000000,8280.0000000,7927.2100000,8238.5100000,7842
GDAX.BTC-USD,D,20180519,000000,8238.5100000,8390.0000000,8152.5400000,8235.6000000,3011
GDAX.BTC-USD,D,20180520,000000,8235.6000000,8600.0000000,8172.0000000,8516.8600000,3470
GDAX.BTC-USD,D,20180521,000000,8516.8600000,8584.3900000,8309.2300000,8393.4400000,4949
GDAX.BTC-USD,D,20180522,000000,8393.4300000,8400.0000000,7950.0000000,7987.7000000,4937
GDAX.BTC-USD,D,20180523,000000,7987.7000000,8030.0600000,7433.1900000,7505.0000000,13316
GDAX.BTC-USD,D,20180524,000000,7505.0100000,7734.9900000,7269.0000000,7584.1500000,9808
GDAX.BTC-USD,D,20180525,000000,7584.1500000,7661.8500000,7326.9400000,7459.1100000,8290
GDAX.BTC-USD,D,20180526,000000,7459.1100000,7640.4600000,7287.2300000,7337.9500000,3940
GDAX.BTC-USD,D,20180527,000000,7337.9400000,7392.7000000,7229.0100000,7346.6400000,3835
GDAX.BTC-USD,D,20180528,000000,7346.6400000,7444.8000000,7087.0000000,7107.9400000,6346
GDAX.BTC-USD,D,20180529,000000,7107.9400000,7524.9900000,7058.0000000,7460.0000000,9937
GDAX.BTC-USD,D,20180530,000000,7460.0000000,7557.7800000,7272.7100000,7380.0100000,6016
GDAX.BTC-USD,D,20180531,000000,7380.0000000,7609.9900000,7340.0000000,7485.0000000,5500
GDAX.BTC-USD,D,20180601,000000,7485.0000000,7599.9900000,7351.0100000,7514.3200000,6444
GDAX.BTC-USD,D,20180602,000000,7514.3200000,7697.0900000,7440.0000000,7636.4200000,4824
GDAX.BTC-USD,D,20180603,000000,7636.4100000,7777.0000000,7583.2400000,7706.3700000,4595
GDAX.BTC-USD,D,20180604,000000,7706.3700000,7747.5700000,7447.6100000,7487.3700000,5701
GDAX.BTC-USD,D,20180605,000000,7487.3700000,7677.5000000,7355.0000000,7612.5100000,4809
GDAX.BTC-USD,D,20180606,000000,7612.5100000,7691.0000000,7484.0000000,7655.0000000,5421
GDAX.BTC-USD,D,20180607,000000,7655.0000000,7747.0000000,7635.0000000,7684.9300000,4738
GDAX.BTC-USD,D,20180608,000000,7684.9300000,7690.0000000,7536.5800000,7618.8000000,3701
GDAX.BTC-USD,D,20180609,000000,7616.0000000,7680.0000000,7468.0000000,7496.4000000,2159
GDAX.BTC-USD,D,20180610,000000,7496.4100000,7496.4100000,6652.0000000,6770.3100000,17539
GDAX.BTC-USD,D,20180611,000000,6770.3100000,6913.8200000,6666.6600000,6881.0000000,10777
GDAX.BTC-USD,D,20180612,000000,6881.0000000,6885.8400000,6450.0000000,6545.0000000,5292
GDAX.BTC-USD,D,20180613,000000,6549.4700000,6618.9500000,6135.0000000,6302.3100000,14680
GDAX.BTC-USD,D,20180614,000000,6302.3200000,6750.0000000,6269.0000000,6638.4900000,13875
GDAX.BTC-USD,D,20180615,000000,6638.4900000,6660.0000000,6370.0000000,6391.2200000,6443
GDAX.BTC-USD,D,20180616,000000,6391.2100000,6549.9900000,6330.0000000,6484.2900000,4270
GDAX.BTC-USD,D,20180617,000000,6484.3000000,6570.0100000,6428.1400000,6447.1600000,2925
GDAX.BTC-USD,D,20180618,000000,6447.1500000,6807.6400000,6385.0000000,6709.0200000,7701
GDAX.BTC-USD,D,20180619,000000,6709.1900000,6829.0600000,6670.0100000,6736.4100000,5890
GDAX.BTC-USD,D,20180620,000000,6736.4100000,6817.0000000,6557.6600000,6759.1800000,6024
GDAX.BTC-USD,D,20180621,000000,6759.5400000,6787.0000000,6682.3000000,6719.0100000,3947
GDAX.BTC-USD,D,20180622,000000,6719.0100000,6725.0000000,5921.2100000,6059.8200000,11803
GDAX.BTC-USD,D,20180623,000000,6059.8200000,6250.0000000,6040.0100000,6178.2900000,5717
GDAX.BTC-USD,D,20180624,000000,6178.2900000,6255.8000000,5777.0000000,6149.9900000,12650
GDAX.BTC-USD,D,20180625,000000,6150.0000000,6340.0100000,6070.1300000,6246.0100000,8873
GDAX.BTC-USD,D,20180626,000000,6246.0100000,6271.0000000,6044.9900000,6074.0000000,5026
GDAX.BTC-USD,D,20180627,000000,6074.0100000,6175.4300000,5983.5600000,6132.1700000,6471
GDAX.BTC-USD,D,20180628,000000,6132.1600000,6161.4700000,5816.6000000,5851.6600000,6214
GDAX.BTC-USD,D,20180629,000000,5850.2500000,6299.9900000,5790.0100000,6202.3600000,8356
GDAX.BTC-USD,D,20180630,000000,6202.3600000,6520.1500000,6185.0000000,6383.1900000,6477
GDAX.BTC-USD,D,20180701,000000,6383.1900000,6424.1400000,6256.7600000,6349.5000000,3761
GDAX.BTC-USD,D,20180702,000000,6349.5000000,6669.9900000,6270.0100000,6611.7900000,7850
GDAX.BTC-USD,D,20180703,000000,6611.7900000,6673.9900000,6465.0000000,6502.6200000,5593
GDAX.BTC-USD,D,20180704,000000,6502.6200000,6796.6200000,6411.5100000,6587.4700000,6054
GDAX.BTC-USD,D,20180705,000000,6587.4600000,6700.0000000,6449.5000000,6532.9500000,6684
GDAX.BTC-USD,D,20180706,000000,6532.9600000,6639.0000000,6452.2000000,6600.0000000,4962
GDAX.BTC-USD,D,20180707,000000,6599.9900000,6843.2600000,6512.0000000,6753.2800000,3037
GDAX.BTC-USD,D,20180708,000000,6753.2900000,6778.3100000,6671.0000000,6701.9700000,2895
GDAX.BTC-USD,D,20180709,000000,6701.9700000,6815.8200000,6625.0000000,6664.0100000,4297
GDAX.BTC-USD,D,20180710,000000,6664.0100000,6679.4700000,6279.0000000,6303.7000000,7471
GDAX.BTC-USD,D,20180711,000000,6303.6900000,6400.0000000,6281.0100000,6390.0400000,4591
GDAX.BTC-USD,D,20180712,000000,6390.0400000,6390.0400000,6075.1600000,6249.7500000,8022
GDAX.BTC-USD,D,20180713,000000,6246.6800000,6335.0900000,6121.5300000,6216.2900000,5703
GDAX.BTC-USD,D,20180714,000000,6216.2900000,6323.6800000,6187.0000000,6248.6500000,2856
GDAX.BTC-USD,D,20180715,000000,6248.6500000,6385.3500000,6233.2600000,6348.7300000,3609
GDAX.BTC-USD,D,20180716,000000,6348.7300000,6750.0000000,6330.3000000,6728.8100000,8381
GDAX.BTC-USD,D,20180717,000000,6728.8000000,7472.5000000,6663.5100000,7315.0100000,14936
GDAX.BTC-USD,D,20180718,000000,7315.0000000,7584.8500000,7229.8900000,7378.9900000,15108
GDAX.BTC-USD,D,20180719,000000,7378.9900000,7560.4100000,7281.4200000,7470.0100000,9034
GDAX.BTC-USD,D,20180720,000000,7470.0100000,7687.0000000,7259.7600000,7334.4600000,9908
GDAX.BTC-USD,D,20180721,000000,7334.4600000,7444.7700000,7204.3200000,7408.0000000,4846
GDAX.BTC-USD,D,20180722,000000,7408.0000000,7569.6900000,7327.7500000,7397.8000000,5219
GDAX.BTC-USD,D,20180723,000000,7400.0000000,7809.0000000,7378.2600000,7720.0900000,12050
GDAX.BTC-USD,D,20180724,000000,7720.0800000,8488.0000000,7695.9900000,8385.5000000,18102
GDAX.BTC-USD,D,20180725,000000,8390.0400000,8482.8400000,8042.0000000,8157.1500000,14056
GDAX.BTC-USD,D,20180726,000000,8157.1500000,8290.0000000,7840.0000000,7931.9900000,10032
GDAX.BTC-USD,D,20180727,000000,7932.0000000,8276.5500000,7787.2900000,8184.2100000,11254
GDAX.BTC-USD,D,20180728,000000,8182.6400000,8230.0000000,8065.0000000,8228.9000000,3887
GDAX.BTC-USD,D,20180729,000000,8227.3800000,8289.9600000,8127.8700000,8216.3400000,3739
GDAX.BTC-USD,D,20180730,000000,8216.3300000,8274.9200000,7850.0000000,8170.0100000,10009
GDAX.BTC-USD,D,20180731,000000,8170.0000000,8173.5700000,7634.2200000,7727.2700000,11330
GDAX.BTC-USD,D,20180801,000000,7727.2800000,7750.0000000,7440.0100000,7603.9900000,10643
GDAX.BTC-USD,D,20180802,000000,7603.9900000,7707.5400000,7462.0000000,7533.9200000,6677
GDAX.BTC-USD,D,20180803,000000,7533.9200000,7538.5300000,7285.0000000,7414.0800000,10672
GDAX.BTC-USD,D,20180804,000000,7414.0800000,7495.0000000,6940.0000000,7005.0000000,9650
GDAX.BTC-USD,D,20180805,000000,7005.0000000,7086.5200000,6880.0000000,7030.0100000,5985
GDAX.BTC-USD,D,20180806,000000,7030.0000000,7163.0000000,6840.6300000,6938.0000000,8161
GDAX.BTC-USD,D,20180807,000000,6938.0000000,7152.0000000,6647.0700000,6718.2200000,10470
GDAX.BTC-USD,D,20180808,000000,6718.2200000,6718.2200000,6121.0400000,6282.5000000,21531
GDAX.BTC-USD,D,20180809,000000,6282.5000000,6633.2100000,6177.5100000,6546.4500000,13492
GDAX.BTC-USD,D,20180810,000000,6546.4600000,6584.8000000,6015.0000000,6146.0100000,7122
GDAX.BTC-USD,D,20180811,000000,6146.0100000,6485.7600000,6003.0000000,6235.5600000,9521
GDAX.BTC-USD,D,20180812,000000,6236.0000000,6482.0000000,6169.4600000,6316.0100000,7798
GDAX.BTC-USD,D,20180813,000000,6316.0000000,6544.9900000,6139.5700000,6253.6700000,9978
GDAX.BTC-USD,D,20180814,000000,6253.6700000,6258.3200000,5900.0000000,6195.0100000,16836
GDAX.BTC-USD,D,20180815,000000,6195.0000000,6636.0000000,6189.0000000,6269.0100000,16640
GDAX.BTC-USD,D,20180816,000000,6269.0100000,6475.0100000,6200.0000000,6315.9000000,8663
GDAX.BTC-USD,D,20180817,000000,6315.9000000,6585.5000000,6290.3900000,6585.4900000,9859
GDAX.BTC-USD,D,20180818,000000,6585.5000000,6613.2300000,6312.0000000,6396.6400000,6451
GDAX.BTC-USD,D,20180819,000000,6396.6300000,6547.3400000,6328.4500000,6489.5300000,4106
GDAX.BTC-USD,D,20180820,000000,6489.5300000,6525.0000000,6227.7100000,6258.7400000,6300
GDAX.BTC-USD,D,20180821,000000,6258.7400000,6490.0000000,6249.1200000,6475.8900000,6626
GDAX.BTC-USD,D,20180822,000000,6475.8900000,6890.6500000,6250.0000000,6359.9900000,15769
GDAX.BTC-USD,D,20180823,000000,6359.9900000,6568.3700000,6348.6900000,6526.3600000,6248
GDAX.BTC-USD,D,20180824,000000,6526.3600000,6719.0000000,6451.5500000,6690.8800000,6894
GDAX.BTC-USD,D,20180825,000000,6690.8800000,6790.0000000,6668.0000000,6737.5200000,4647
GDAX.BTC-USD,D,20180826,000000,6737.5200000,6773.0000000,6572.0000000,6709.9800000,4751
GDAX.BTC-USD,D,20180827,000000,6709.9800000,6947.6000000,6654.1300000,6911.9000000,5697
GDAX.BTC-USD,D,20180828,000000,6911.9000000,7128.0000000,6864.9600000,7071.0100000,11364
GDAX.BTC-USD,D,20180829,000000,7071.0100000,7119.0000000,6907.4200000,7030.9000000,7497
GDAX.BTC-USD,D,20180830,000000,7030.9200000,7048.6600000,6790.0000000,6983.0000000,8015
GDAX.BTC-USD,D,20180831,000000,6983.0000000,7090.4600000,6884.4900000,7015.0100000,7572
GDAX.BTC-USD,D,20180901,000000,7015.0100000,7275.0000000,7010.9800000,7191.0800000,6076
GDAX.BTC-USD,D,20180902,000000,7191.0700000,7328.3600000,7130.0000000,7295.0000000,5331
GDAX.BTC-USD,D,20180903,000000,7294.9900000,7332.4600000,7192.9900000,7256.9800000,5587
GDAX.BTC-USD,D,20180904,000000,7256.4800000,7402.5000000,7229.9400000,7360.0000000,7691
GDAX.BTC-USD,D,20180905,000000,7359.9900000,7384.0000000,6664.0700000,6687.9600000,14200
GDAX.BTC-USD,D,20180906,000000,6687.9600000,6703.7300000,6272.7300000,6495.0000000,18340
GDAX.BTC-USD,D,20180907,000000,6495.0000000,6530.0000000,6325.0000000,6395.0100000,8021
GDAX.BTC-USD,D,20180908,000000,6395.0100000,6460.0000000,6116.0000000,6188.0000000,7221
GDAX.BTC-USD,D,20180909,000000,6188.0000000,6450.0000000,6147.0000000,6235.0100000,5553
GDAX.BTC-USD,D,20180910,000000,6235.0200000,6375.1300000,6221.4900000,6300.0000000,6743
GDAX.BTC-USD,D,20180911,000000,6300.0000000,6405.0000000,6176.7600000,6282.5300000,7264
GDAX.BTC-USD,D,20180912,000000,6282.5300000,6340.9400000,6191.1000000,6326.0000000,7172
GDAX.BTC-USD,D,20180913,000000,6326.0000000,6530.0000000,6323.6400000,6485.9900000,9407
GDAX.BTC-USD,D,20180914,000000,6485.9900000,6580.0000000,6378.0500000,6478.0400000,7296
GDAX.BTC-USD,D,20180915,000000,6478.0500000,6565.0000000,6470.0000000,6518.6800000,3225
GDAX.BTC-USD,D,20180916,000000,6518.6800000,6521.7500000,6323.6800000,6498.0000000,3338
GDAX.BTC-USD,D,20180917,000000,6498.0000000,6529.7500000,6207.5500000,6250.7000000,9005
GDAX.BTC-USD,D,20180918,000000,6250.7100000,6384.0400000,6228.0000000,6335.7000000,5907
GDAX.BTC-USD,D,20180919,000000,6335.6900000,6511.0000000,6106.3700000,6386.9400000,10479
GDAX.BTC-USD,D,20180920,000000,6386.9500000,6530.0000000,6337.0000000,6493.1100000,6099
GDAX.BTC-USD,D,20180921,000000,6493.1100000,6777.1000000,6492.5000000,6750.0000000,11061
GDAX.BTC-USD,D,20180922,000000,6750.0000000,6823.0000000,6628.0100000,6707.3300000,5117
GDAX.BTC-USD,D,20180923,000000,6707.3400000,6777.0000000,6660.0500000,6696.9900000,3205
GDAX.BTC-USD,D,20180924,000000,6696.9900000,6716.1600000,6555.9900000,6582.0900000,5173
GDAX.BTC-USD,D,20180925,000000,6582.0900000,6582.1000000,6320.5000000,6436.8900000,9159
GDAX.BTC-USD,D,20180926,000000,6435.0000000,6537.2600000,6380.6200000,6455.6600000,5545
GDAX.BTC-USD,D,20180927,000000,6455.6500000,6734.7900000,6430.0000000,6680.0100000,7519
GDAX.BTC-USD,D,20180928,000000,6680.0100000,6786.7300000,6528.1300000,6620.0100000,8824
GDAX.BTC-USD,D,20180929,000000,6620.0100000,6620.0100000,6452.0200000,6581.0000000,4143
GDAX.BTC-USD,D,20180930,000000,6581.0000000,6642.2800000,6523.0000000,6605.0000000,3408
GDAX.BTC-USD,D,20181001,000000,6605.0000000,6639.3300000,6474.9000000,6572.8300000,6917
GDAX.BTC-USD,D,20181002,000000,6572.8300000,6591.3700000,6452.0000000,6498.4600000,5148
GDAX.BTC-USD,D,20181003,000000,6498.4700000,6507.9500000,6398.9600000,6466.0300000,5895
GDAX.BTC-USD,D,20181004,000000,6466.0300000,6603.0100000,6454.3800000,6547.4500000,5695
GDAX.BTC-USD,D,20181005,000000,6547.4500000,6641.0000000,6511.8800000,6593.9400000,2125
GDAX.BTC-USD,D,20181006,000000,6593.9400000,6594.3900000,6536.0000000,6552.4300000,1176
GDAX.BTC-USD,D,20181007,000000,6552.4200000,6585.0100000,6491.8100000,6570.0000000,2249
GDAX.BTC-USD,D,20181008,000000,6569.9900000,6681.1900000,6545.6300000,6608.0700000,5196
GDAX.BTC-USD,D,20181009,000000,6607.5300000,6612.8600000,6552.5000000,6589.4800000,4379
GDAX.BTC-USD,D,20181010,000000,6589.4800000,6591.3200000,6445.4800000,6524.5600000,5585
GDAX.BTC-USD,D,20181011,000000,6524.5600000,6524.5600000,6033.3400000,6154.6900000,20193
GDAX.BTC-USD,D,20181012,000000,6154.6800000,6235.2000000,6111.9700000,6188.0100000,5268
GDAX.BTC-USD,D,20181013,000000,6188.0100000,6212.0000000,6178.0000000,6196.0000000,3610
GDAX.BTC-USD,D,20181014,000000,6196.0100000,6288.4500000,6151.0000000,6183.4900000,3333
GDAX.BTC-USD,D,20181015,000000,6183.5200000,6810.0000000,6151.5800000,6440.4200000,21003
GDAX.BTC-USD,D,20181016,000000,6440.4300000,6493.1100000,6375.0000000,6457.1100000,9667
GDAX.BTC-USD,D,20181017,000000,6457.1000000,6459.9900000,6411.1900000,6443.7000000,5299
GDAX.BTC-USD,D,20181018,000000,6443.6900000,6489.8300000,6355.0000000,6394.9600000,6994
GDAX.BTC-USD,D,20181019,000000,6394.9600000,6409.6100000,6353.8600000,6382.9900000,3670
GDAX.BTC-USD,D,20181020,000000,6382.9900000,6420.0000000,6369.0000000,6414.0000000,3244
GDAX.BTC-USD,D,20181021,000000,6413.9900000,6452.8700000,6405.5700000,6415.8800000,2339
GDAX.BTC-USD,D,20181022,000000,6415.8700000,6427.6300000,6377.7700000,6407.6500000,3751
GDAX.BTC-USD,D,20181023,000000,6407.6400000,6411.5000000,6360.0000000,6395.1400000,3861
GDAX.BTC-USD,D,20181024,000000,6395.1300000,6471.0000000,6395.1300000,6415.9800000,4980
GDAX.BTC-USD,D,20181025,000000,6415.9700000,6422.0000000,6377.5000000,6395.5800000,3453
GDAX.BTC-USD,D,20181026,000000,6395.5800000,6450.0000000,6383.5400000,6404.8700000,3977
GDAX.BTC-USD,D,20181027,000000,6404.8700000,6421.7600000,6390.0000000,6409.1200000,2191
GDAX.BTC-USD,D,20181028,000000,6409.1100000,6415.0000000,6380.0100000,6403.6200000,1880
GDAX.BTC-USD,D,20181029,000000,6403.6300000,6414.9900000,6211.0000000,6266.0000000,6553
GDAX.BTC-USD,D,20181030,000000,6266.0000000,6289.0000000,6240.5400000,6267.6300000,3834
GDAX.BTC-USD,D,20181031,000000,6267.6300000,6353.2400000,6201.6700000,6304.1800000,4965
GDAX.BTC-USD,D,20181101,000000,6304.1800000,6360.0000000,6293.4400000,6344.0000000,4175
GDAX.BTC-USD,D,20181102,000000,6344.0000000,6378.7700000,6333.9400000,6349.8000000,3970
GDAX.BTC-USD,D,20181103,000000,6349.8000000,6351.7000000,6315.9100000,6331.9600000,2412
GDAX.BTC-USD,D,20181104,000000,6331.9600000,6464.1500000,6313.1700000,6423.2800000,3806
GDAX.BTC-USD,D,20181105,000000,6423.2900000,6439.9900000,6372.0000000,6404.0000000,3773
GDAX.BTC-USD,D,20181106,000000,6404.0000000,6449.6500000,6387.8200000,6448.5000000,5177
GDAX.BTC-USD,D,20181107,000000,6448.5000000,6540.0000000,6448.5000000,6503.1200000,5603
GDAX.BTC-USD,D,20181108,000000,6503.1200000,6511.8800000,6388.0000000,6406.2400000,5083
GDAX.BTC-USD,D,20181109,000000,6406.2400000,6415.0000000,6305.0000000,6334.8900000,4387
GDAX.BTC-USD,D,20181110,000000,6334.8900000,6374.0000000,6327.4600000,6347.4200000,2209
GDAX.BTC-USD,D,20181111,000000,6347.4200000,6360.0000000,6271.1500000,6357.6000000,2144
GDAX.BTC-USD,D,20181112,000000,6357.6000000,6383.5900000,6305.9500000,6327.8700000,3455
GDAX.BTC-USD,D,20181113,000000,6327.8700000,6328.2200000,6252.5000000,6259.3400000,4457
GDAX.BTC-USD,D,20181114,000000,6259.3500000,6293.3800000,5280.9300000,5605.4600000,31805
GDAX.BTC-USD,D,20181115,000000,5605.0100000,5645.0000000,5188.0000000,5579.5200000,21192
GDAX.BTC-USD,D,20181116,000000,5579.5000000,5609.9100000,5410.0000000,5512.2400000,8889
GDAX.BTC-USD,D,20181117,000000,5512.2600000,5544.0000000,5450.8300000,5504.1700000,4551
GDAX.BTC-USD,D,20181118,000000,5503.3400000,5665.0000000,5503.3400000,5560.0000000,4483
GDAX.BTC-USD,D,20181119,000000,5560.0000000,5560.0000000,4670.0500000,4733.5000000,39772
GDAX.BTC-USD,D,20181120,000000,4736.6700000,4889.0000000,4035.0000000,4349.2300000,64689
GDAX.BTC-USD,D,20181121,000000,4349.2400000,4627.5500000,4239.0100000,4545.1100000,27240
GDAX.BTC-USD,D,20181122,000000,4545.1200000,4589.0000000,4238.6900000,4265.3600000,11469
GDAX.BTC-USD,D,20181123,000000,4268.1800000,4366.0500000,4085.7300000,4283.8000000,19141
GDAX.BTC-USD,D,20181124,000000,4283.8000000,4370.7800000,3650.8400000,3774.9900000,19499
GDAX.BTC-USD,D,20181125,000000,3775.0000000,4120.0000000,3456.7800000,3936.6900000,37562
GDAX.BTC-USD,D,20181126,000000,3936.7000000,4076.2500000,3508.0000000,3731.3200000,35226
GDAX.BTC-USD,D,20181127,000000,3731.0100000,3830.0000000,3562.9000000,3775.0000000,22958
GDAX.BTC-USD,D,20181128,000000,3775.0100000,4365.0000000,3775.0000000,4225.0300000,34972
GDAX.BTC-USD,D,20181129,000000,4224.8600000,4414.8900000,4077.8800000,4248.0000000,20097
GDAX.BTC-USD,D,20181130,000000,4247.9900000,4297.7100000,3869.0000000,3976.0000000,19478
GDAX.BTC-USD,D,20181201,000000,3976.0100000,4277.0000000,3910.0800000,4142.0100000,10131
GDAX.BTC-USD,D,20181202,000000,4142.0100000,4266.0000000,4036.0000000,4103.1900000,10704
GDAX.BTC-USD,D,20181203,000000,4102.8000000,4119.9800000,3741.9500000,3833.4700000,16555
GDAX.BTC-USD,D,20181204,000000,3833.4700000,4035.1000000,3732.4300000,3901.8400000,16546
GDAX.BTC-USD,D,20181205,000000,3901.8400000,3912.5300000,3660.0000000,3694.3900000,14303
GDAX.BTC-USD,D,20181206,000000,3694.3900000,3849.0000000,3401.0000000,3433.2600000,25946
GDAX.BTC-USD,D,20181207,000000,3433.3000000,3550.0000000,3212.0000000,3380.0100000,37108
GDAX.BTC-USD,D,20181208,000000,3380.0000000,3495.0000000,3253.6600000,3401.0000000,12799
GDAX.BTC-USD,D,20181209,000000,3401.0000000,3642.5100000,3367.7900000,3531.1800000,11241
GDAX.BTC-USD,D,20181210,000000,3531.1800000,3590.7100000,3354.9700000,3410.1500000,13094
GDAX.BTC-USD,D,20181211,000000,3410.1500000,3424.9200000,3293.4900000,3349.3600000,10723
GDAX.BTC-USD,D,20181212,000000,3350.2700000,3486.1600000,3325.5800000,3430.2400000,10012
GDAX.BTC-USD,D,20181213,000000,3430.2400000,3439.6300000,3227.9600000,3265.0000000,13655
GDAX.BTC-USD,D,20181214,000000,3265.0000000,3294.9000000,3135.0000000,3195.7100000,13735
GDAX.BTC-USD,D,20181215,000000,3195.7100000,3228.6900000,3128.8900000,3183.0000000,8755
GDAX.BTC-USD,D,20181216,000000,3183.0100000,3258.0000000,3181.2400000,3195.0000000,6821
GDAX.BTC-USD,D,20181217,000000,3194.9900000,3585.9500000,3184.2800000,3496.8200000,21146
GDAX.BTC-USD,D,20181218,000000,3497.1000000,3688.0000000,3436.5000000,3667.7700000,15042
GDAX.BTC-USD,D,20181219,000000,3667.7600000,3928.1500000,3637.1700000,3715.2100000,27601
GDAX.BTC-USD,D,20181220,000000,3682.5100000,4175.0000000,3661.5000000,4075.3400000,29786
GDAX.BTC-USD,D,20181221,000000,4075.3300000,4162.2700000,3775.0000000,3839.0600000,22960
GDAX.BTC-USD,D,20181222,000000,3839.2600000,4005.0000000,3790.1600000,3980.4600000,8777
GDAX.BTC-USD,D,20181223,000000,3981.2400000,4050.0000000,3903.6000000,3944.9300000,9727
GDAX.BTC-USD,D,20181224,000000,3944.9200000,4239.3700000,3944.9200000,4034.0000000,19280
GDAX.BTC-USD,D,20181225,000000,4034.0000000,4045.4100000,3675.8600000,3780.0000000,13273
GDAX.BTC-USD,D,20181226,000000,3780.0000000,3849.2000000,3685.0200000,3809.8800000,8826
GDAX.BTC-USD,D,20181227,000000,3809.8800000,3841.2100000,3567.0000000,3589.8900000,12926
GDAX.BTC-USD,D,20181228,000000,3589.8900000,3971.5800000,3576.1200000,3888.0600000,16390
GDAX.BTC-USD,D,20181229,000000,3887.5800000,3944.3300000,3706.0000000,3729.3100000,8151
GDAX.BTC-USD,D,20181230,000000,3729.3100000,3863.0600000,3691.0100000,3829.0000000,8269
GDAX.BTC-USD,D,20181231,000000,3829.0000000,3835.4000000,3625.0000000,3691.8600000,12099
GDAX.BTC-USD,D,20190101,000000,3691.8700000,3841.1700000,3651.0200000,3826.1000000,9606
GDAX.BTC-USD,D,20190102,000000,3826.1000000,3916.5700000,3770.0700000,3890.7900000,9236
GDAX.BTC-USD,D,20190103,000000,3890.8000000,3893.8000000,3758.0700000,3787.5700000,8968
GDAX.BTC-USD,D,20190104,000000,3787.5700000,3849.0000000,3730.0000000,3820.8200000,8913
GDAX.BTC-USD,D,20190105,000000,3820.8200000,3874.1200000,3775.0000000,3798.6200000,5790
GDAX.BTC-USD,D,20190106,000000,3799.9900000,4088.0000000,3756.0100000,4040.9900000,9483
GDAX.BTC-USD,D,20190107,000000,4040.9800000,4070.0000000,3968.7900000,4006.0100000,9548
GDAX.BTC-USD,D,20190108,000000,4005.9700000,4114.8000000,3943.3600000,3993.8600000,13498
GDAX.BTC-USD,D,20190109,000000,3993.8500000,4042.2000000,3962.1200000,4004.1200000,10343
GDAX.BTC-USD,D,20190110,000000,4004.1300000,4035.2100000,3560.0000000,3626.1200000,21330
GDAX.BTC-USD,D,20190111,000000,3626.1200000,3699.9900000,3576.0000000,3635.6900000,13241
GDAX.BTC-USD,D,20190112,000000,3634.7300000,3649.1800000,3557.2900000,3619.4100000,5435
GDAX.BTC-USD,D,20190113,000000,3619.3800000,3641.8600000,3481.5400000,3514.2400000,7749
GDAX.BTC-USD,D,20190114,000000,3514.2400000,3711.1100000,3509.2400000,3664.1900000,10864
GDAX.BTC-USD,D,20190115,000000,3664.1800000,3684.3800000,3538.6300000,3580.7600000,10405
GDAX.BTC-USD,D,20190116,000000,3580.1900000,3666.7300000,3572.5200000,3609.7100000,8468
GDAX.BTC-USD,D,20190117,000000,3609.7100000,3657.0000000,3541.0000000,3640.6500000,8567
GDAX.BTC-USD,D,20190118,000000,3640.6400000,3643.6900000,3580.1600000,3607.8500000,5660
GDAX.BTC-USD,D,20190119,000000,3607.8500000,3765.9000000,3604.9000000,3682.6500000,5777
GDAX.BTC-USD,D,20190120,000000,3683.5000000,3703.3900000,3481.0100000,3536.1900000,7024
GDAX.BTC-USD,D,20190121,000000,3537.5600000,3568.9500000,3487.3700000,3531.7600000,5905
GDAX.BTC-USD,D,20190122,000000,3531.7500000,3611.5000000,3425.0000000,3577.0300000,9327
GDAX.BTC-USD,D,20190123,000000,3577.0400000,3614.4700000,3523.6400000,3553.0100000,7851
GDAX.BTC-USD,D,20190124,000000,3553.0100000,3595.8300000,3530.1000000,3568.9700000,5507
GDAX.BTC-USD,D,20190125,000000,3568.9700000,3578.7900000,3510.0100000,3562.1700000,6596
GDAX.BTC-USD,D,20190126,000000,3562.1700000,3657.7600000,3540.0000000,3556.0700000,5355
GDAX.BTC-USD,D,20190127,000000,3556.0700000,3562.9000000,3470.1400000,3531.0200000,3975
GDAX.BTC-USD,D,20190128,000000,3531.0200000,3535.9200000,3374.0100000,3429.9500000,13405
GDAX.BTC-USD,D,20190129,000000,3429.9500000,3438.4000000,3337.8700000,3397.4200000,8322
GDAX.BTC-USD,D,20190130,000000,3395.7400000,3459.4100000,3372.9700000,3437.5500000,7985
GDAX.BTC-USD,D,20190131,000000,3437.5500000,3473.4000000,3396.7400000,3411.5000000,7037
GDAX.BTC-USD,D,20190201,000000,3411.5000000,3458.2600000,3369.6200000,3437.5000000,8355
GDAX.BTC-USD,D,20190202,000000,3437.5000000,3483.2500000,3414.4900000,3468.4300000,3594
GDAX.BTC-USD,D,20190203,000000,3468.4300000,3471.7600000,3386.4500000,3414.7800000,4160
GDAX.BTC-USD,D,20190204,000000,3415.6900000,3435.0000000,3395.1000000,3409.5700000,5630
GDAX.BTC-USD,D,20190205,000000,3409.5700000,3429.4600000,3400.0000000,3428.4000000,5913
GDAX.BTC-USD,D,20190206,000000,3428.4100000,3441.0000000,3340.8000000,3367.3600000,9292
GDAX.BTC-USD,D,20190207,000000,3366.0000000,3383.1400000,3352.0100000,3359.0000000,8360
GDAX.BTC-USD,D,20190208,000000,3358.9900000,3711.0000000,3344.0000000,3621.9900000,17251
GDAX.BTC-USD,D,20190209,000000,3622.0000000,3644.0800000,3597.0000000,3623.7300000,4899
GDAX.BTC-USD,D,20190210,000000,3623.7300000,3654.2800000,3578.5900000,3648.8400000,4610
GDAX.BTC-USD,D,20190211,000000,3648.8500000,3652.0000000,3579.3800000,3590.3600000,8413
GDAX.BTC-USD,D,20190212,000000,3590.3600000,3618.7700000,3550.0000000,3588.0600000,8047
GDAX.BTC-USD,D,20190213,000000,3588.0600000,3627.9900000,3562.9800000,3576.6800000,6710
GDAX.BTC-USD,D,20190214,000000,3576.6900000,3589.0000000,3535.1000000,3561.5000000,5918
GDAX.BTC-USD,D,20190215,000000,3561.4900000,3620.2200000,3545.8900000,3566.5900000,7187
GDAX.BTC-USD,D,20190216,000000,3566.5900000,3607.3600000,3565.5000000,3582.3700000,4035
GDAX.BTC-USD,D,20190217,000000,3582.3700000,3675.0000000,3557.4300000,3625.0800000,5717
GDAX.BTC-USD,D,20190218,000000,3625.0800000,3917.0000000,3616.1800000,3867.0000000,16512
GDAX.BTC-USD,D,20190219,000000,3867.0000000,3969.5400000,3841.5400000,3888.0100000,14383
GDAX.BTC-USD,D,20190220,000000,3888.3700000,3967.1900000,3867.1300000,3938.9900000,8402
GDAX.BTC-USD,D,20190221,000000,3939.0000000,3988.0000000,3869.4500000,3897.7100000,8521
GDAX.BTC-USD,D,20190222,000000,3897.7100000,3956.4300000,3886.1500000,3942.0200000,7357
GDAX.BTC-USD,D,20190223,000000,3942.0200000,4156.1000000,3911.3000000,4110.0000000,10371
GDAX.BTC-USD,D,20190224,000000,4110.0000000,4188.7900000,3712.8400000,3734.2200000,15914
GDAX.BTC-USD,D,20190225,000000,3734.2300000,3860.0000000,3731.0900000,3818.7900000,10807
GDAX.BTC-USD,D,20190226,000000,3818.7800000,3826.3700000,3763.7100000,3799.4800000,6216
GDAX.BTC-USD,D,20190227,000000,3799.4900000,3823.1300000,3655.0000000,3799.9100000,7774
GDAX.BTC-USD,D,20190228,000000,3800.3500000,3910.0000000,3754.3700000,3792.1400000,9386
GDAX.BTC-USD,D,20190301,000000,3792.1400000,3843.0000000,3791.3100000,3806.1700000,6023
GDAX.BTC-USD,D,20190302,000000,3806.1700000,3818.0800000,3763.0000000,3809.7000000,3521
GDAX.BTC-USD,D,20190303,000000,3809.7000000,3815.4800000,3763.6200000,3786.9300000,3725
GDAX.BTC-USD,D,20190304,000000,3786.9300000,3804.9900000,3672.3900000,3700.7200000,8010
GDAX.BTC-USD,D,20190305,000000,3700.0200000,3876.6500000,3692.3600000,3844.5900000,9144
GDAX.BTC-USD,D,20190306,000000,3844.5900000,3894.7000000,3812.0000000,3851.8900000,6604
GDAX.BTC-USD,D,20190307,000000,3851.8900000,3891.0000000,3830.7900000,3857.0500000,6972
GDAX.BTC-USD,D,20190308,000000,3857.0400000,3910.8800000,3771.0000000,3843.1200000,7695
GDAX.BTC-USD,D,20190309,000000,3842.6200000,3947.3300000,3834.5900000,3917.0000000,5536
GDAX.BTC-USD,D,20190310,000000,3917.0000000,3917.0000000,3867.8400000,3900.9200000,3342
GDAX.BTC-USD,D,20190311,000000,3900.9300000,3911.8300000,3817.0100000,3849.6800000,5875
GDAX.BTC-USD,D,20190312,000000,3849.6700000,3875.3300000,3796.7100000,3860.0000000,6609
GDAX.BTC-USD,D,20190313,000000,3860.0000000,3871.0200000,3827.5000000,3851.0200000,5464
GDAX.BTC-USD,D,20190314,000000,3851.0200000,3900.0000000,3779.2800000,3853.9500000,7614
GDAX.BTC-USD,D,20190315,000000,3853.9500000,3910.0000000,3846.7900000,3902.8000000,6447
GDAX.BTC-USD,D,20190316,000000,3902.8000000,4037.4700000,3900.8900000,3990.0000000,6576
GDAX.BTC-USD,D,20190317,000000,3990.0000000,3991.0000000,3936.3000000,3967.0100000,3222
GDAX.BTC-USD,D,20190318,000000,3967.0100000,4015.7000000,3937.6900000,3970.5000000,5298
GDAX.BTC-USD,D,20190319,000000,3969.6800000,4009.6100000,3952.0800000,4000.8500000,5551
GDAX.BTC-USD,D,20190320,000000,4000.8500000,4044.8200000,3965.4300000,4031.8500000,6610
GDAX.BTC-USD,D,20190321,000000,4032.6800000,4056.3300000,3915.1400000,3972.7600000,9044
GDAX.BTC-USD,D,20190322,000000,3972.7600000,3998.0100000,3961.7000000,3983.7800000,4899
GDAX.BTC-USD,D,20190323,000000,3983.7700000,3997.0100000,3960.2500000,3983.4300000,3907
GDAX.BTC-USD,D,20190324,000000,3982.4500000,3982.4500000,3946.0000000,3969.5200000,2483
GDAX.BTC-USD,D,20190325,000000,3969.5200000,3976.4700000,3858.0000000,3907.5300000,5996
GDAX.BTC-USD,D,20190326,000000,3907.5400000,3923.9000000,3880.6400000,3921.4500000,4003
GDAX.BTC-USD,D,20190327,000000,3922.4100000,4035.8000000,3914.9000000,4026.5300000,6498
GDAX.BTC-USD,D,20190328,000000,4026.5400000,4026.5400000,3994.0000000,4011.1700000,4607
GDAX.BTC-USD,D,20190329,000000,4011.9800000,4101.5000000,4007.7800000,4091.0100000,9699
GDAX.BTC-USD,D,20190330,000000,4091.0100000,4131.8700000,4042.5100000,4094.1400000,5081
GDAX.BTC-USD,D,20190331,000000,4094.1400000,4103.0000000,4077.0100000,4094.9900000,2825
GDAX.BTC-USD,D,20190401,000000,4095.0000000,4149.5000000,4051.5300000,4137.0000000,7553
GDAX.BTC-USD,D,20190402,000000,4137.0100000,5121.0000000,4132.0200000,4901.9300000,36541
GDAX.BTC-USD,D,20190403,000000,4901.9200000,5345.0000000,4787.1100000,4975.9700000,33136
GDAX.BTC-USD,D,20190404,000000,4975.1300000,5071.3400000,4778.0000000,4906.4900000,15899
GDAX.BTC-USD,D,20190405,000000,4907.9200000,5066.5900000,4887.3400000,5040.6600000,11433
GDAX.BTC-USD,D,20190406,000000,5040.9500000,5244.0400000,4925.0000000,5049.2200000,11683
GDAX.BTC-USD,D,20190407,000000,5049.1800000,5270.3300000,5029.7000000,5194.7900000,7899
GDAX.BTC-USD,D,20190408,000000,5194.7600000,5352.5000000,5132.2800000,5285.5400000,14777
GDAX.BTC-USD,D,20190409,000000,5286.8200000,5287.0000000,5145.0000000,5187.2100000,8831
GDAX.BTC-USD,D,20190410,000000,5187.2100000,5488.0000000,5164.4900000,5318.5800000,16303
GDAX.BTC-USD,D,20190411,000000,5322.0200000,5342.7400000,4967.2400000,5041.3000000,16057
GDAX.BTC-USD,D,20190412,000000,5040.1100000,5118.5600000,4901.9900000,5078.1900000,9709
GDAX.BTC-USD,D,20190413,000000,5078.1900000,5123.2800000,5036.7400000,5066.2200000,4111
GDAX.BTC-USD,D,20190414,000000,5065.0200000,5191.1900000,5013.8100000,5164.2700000,3425
GDAX.BTC-USD,D,20190415,000000,5163.8100000,5193.0100000,4945.5400000,5029.9900000,9679
GDAX.BTC-USD,D,20190416,000000,5029.9900000,5229.9700000,5016.4500000,5202.9000000,8338
GDAX.BTC-USD,D,20190417,000000,5201.2100000,5272.3200000,5173.1100000,5227.0000000,7087
GDAX.BTC-USD,D,20190418,000000,5227.0000000,5318.1800000,5222.2600000,5281.8100000,7895
GDAX.BTC-USD,D,20190419,000000,5280.5000000,5359.4700000,5196.7000000,5290.3600000,6108
GDAX.BTC-USD,D,20190420,000000,5290.3700000,5359.9800000,5260.2400000,5319.8900000,4594
GDAX.BTC-USD,D,20190421,000000,5319.9000000,5349.1600000,5213.3400000,5297.6400000,5539
GDAX.BTC-USD,D,20190422,000000,5297.6400000,5440.8400000,5250.4500000,5387.6000000,11783
GDAX.BTC-USD,D,20190423,000000,5387.6000000,5650.0100000,5361.0100000,5532.7500000,17630
GDAX.BTC-USD,D,20190424,000000,5532.7500000,5624.4700000,5374.0000000,5441.9000000,14881
GDAX.BTC-USD,D,20190425,000000,5440.5900000,5512.1200000,4967.0000000,5134.8100000,12037
GDAX.BTC-USD,D,20190426,000000,5134.8200000,5295.0300000,5041.1400000,5159.5100000,14029
GDAX.BTC-USD,D,20190427,000000,5159.5000000,5221.2400000,5117.4600000,5170.6000000,4037
GDAX.BTC-USD,D,20190428,000000,5171.9000000,5214.5000000,5101.0000000,5155.0000000,4686
GDAX.BTC-USD,D,20190429,000000,5155.0000000,5189.5400000,5072.0100000,5148.2500000,6984
GDAX.BTC-USD,D,20190430,000000,5148.2500000,5285.0000000,5126.2500000,5270.6900000,6899
GDAX.BTC-USD,D,20190501,000000,5270.6800000,5358.3900000,5265.6100000,5321.1500000,3649
GDAX.BTC-USD,D,20190502,000000,5321.1500000,5422.9900000,5306.0900000,5390.0100000,3979
GDAX.BTC-USD,D,20190503,000000,5390.0000000,5796.9300000,5363.0000000,5657.4000000,11171
GDAX.BTC-USD,D,20190504,000000,5657.4100000,5846.8800000,5512.0000000,5770.0100000,5318
GDAX.BTC-USD,D,20190505,000000,5770.0100000,5782.2200000,5627.3500000,5715.8600000,2881
GDAX.BTC-USD,D,20190506,000000,5715.8600000,5753.6600000,5564.9300000,5687.9000000,4648
GDAX.BTC-USD,D,20190507,000000,5687.9000000,5974.5100000,5687.9000000,5748.4500000,7825
GDAX.BTC-USD,D,20190508,000000,5748.4700000,5990.0000000,5656.2600000,5948.4100000,7507
GDAX.BTC-USD,D,20190509,000000,5947.0000000,6171.1000000,5934.4900000,6153.0900000,8761
GDAX.BTC-USD,D,20190510,000000,6153.0900000,6430.0000000,6108.8100000,6343.1400000,9596
GDAX.BTC-USD,D,20190511,000000,6342.9900000,7464.1300000,6342.9800000,7219.9500000,19977
GDAX.BTC-USD,D,20190512,000000,7215.0100000,7581.8200000,6755.0000000,6979.7600000,20788
GDAX.BTC-USD,D,20190513,000000,6979.2400000,8195.0000000,6864.9300000,7824.9300000,22056
GDAX.BTC-USD,D,20190514,000000,7822.8800000,8350.0000000,7621.2700000,7990.9200000,20762
GDAX.BTC-USD,D,20190515,000000,7990.9200000,8308.1600000,7835.0600000,8203.3200000,12203
GDAX.BTC-USD,D,20190516,000000,8203.3300000,8388.0000000,7660.7400000,7878.9600000,14304
GDAX.BTC-USD,D,20190517,000000,7878.9500000,7940.7500000,6600.0000000,7363.6900000,19727
GDAX.BTC-USD,D,20190518,000000,7363.8500000,7491.2200000,7204.4200000,7262.4000000,5172
GDAX.BTC-USD,D,20190519,000000,7262.3900000,8315.0000000,7252.5800000,8200.0000000,11233
GDAX.BTC-USD,D,20190520,000000,8194.3400000,8199.5300000,7573.1200000,7999.5400000,11900
GDAX.BTC-USD,D,20190521,000000,7998.9400000,8112.9900000,7805.3400000,7951.7000000,7001
GDAX.BTC-USD,D,20190522,000000,7951.6900000,8044.0000000,7506.1200000,7626.4800000,7615
GDAX.BTC-USD,D,20190523,000000,7622.2500000,7984.9000000,7467.1000000,7881.9800000,7641
GDAX.BTC-USD,D,20190524,000000,7878.1600000,8175.0000000,7794.7300000,8001.7000000,7508
GDAX.BTC-USD,D,20190525,000000,8001.6900000,8149.0000000,7942.5000000,8063.8100000,2509
GDAX.BTC-USD,D,20190526,000000,8063.6800000,8793.9700000,7881.7000000,8731.7200000,19396
GDAX.BTC-USD,D,20190527,000000,8732.3400000,8947.8800000,8611.4400000,8772.2900000,14806
GDAX.BTC-USD,D,20190528,000000,8772.2900000,8822.4600000,8545.0000000,8715.3600000,9850
GDAX.BTC-USD,D,20190529,000000,8715.3600000,8760.4300000,8426.0900000,8662.4400000,12054
GDAX.BTC-USD,D,20190530,000000,8662.4400000,9090.0000000,7972.0000000,8279.6900000,30090
GDAX.BTC-USD,D,20190531,000000,8279.6900000,8580.0000000,8110.0000000,8554.0600000,16122
GDAX.BTC-USD,D,20190601,000000,8554.0600000,8618.0000000,8452.2100000,8558.9500000,7129
GDAX.BTC-USD,D,20190602,000000,8558.8000000,8834.0000000,8550.0000000,8736.5500000,5593
GDAX.BTC-USD,D,20190603,000000,8736.5500000,8742.4800000,8030.4600000,8107.9600000,13566
GDAX.BTC-USD,D,20190604,000000,8104.9500000,8104.9500000,7427.0000000,7670.9600000,29292
GDAX.BTC-USD,D,20190605,000000,7671.0700000,7932.8700000,7570.0000000,7789.4800000,12755
GDAX.BTC-USD,D,20190606,000000,7787.3600000,7874.6800000,7450.0000000,7805.0000000,11758
GDAX.BTC-USD,D,20190607,000000,7805.0000000,8134.2900000,7756.7900000,7998.1300000,12148
GDAX.BTC-USD,D,20190608,000000,7998.1300000,8059.9900000,7786.0100000,7930.1400000,4900
GDAX.BTC-USD,D,20190609,000000,7930.1400000,7960.0000000,7508.7700000,7634.5800000,6698
GDAX.BTC-USD,D,20190610,000000,7635.0500000,8097.3500000,7516.9000000,8015.6900000,9477
GDAX.BTC-USD,D,20190611,000000,8015.7000000,8057.1900000,7702.8300000,7918.1700000,7581
GDAX.BTC-USD,D,20190612,000000,7913.6400000,8292.4300000,7817.0000000,8176.0200000,12443
GDAX.BTC-USD,D,20190613,000000,8176.0300000,8329.9900000,8048.7500000,8239.0400000,8029
GDAX.BTC-USD,D,20190614,000000,8239.0400000,8738.9200000,8180.0800000,8697.4600000,11599
GDAX.BTC-USD,D,20190615,000000,8697.4500000,8916.6300000,8588.7000000,8860.2300000,9621
GDAX.BTC-USD,D,20190616,000000,8856.1300000,9388.0000000,8799.7000000,8975.0000000,22010
GDAX.BTC-USD,D,20190617,000000,8975.7800000,9475.0000000,8975.7800000,9333.1400000,18745
GDAX.BTC-USD,D,20190618,000000,9333.0800000,9359.4800000,8919.7200000,9078.4800000,15652
GDAX.BTC-USD,D,20190619,000000,9078.4800000,9319.5000000,9035.7500000,9277.5400000,8196
GDAX.BTC-USD,D,20190620,000000,9277.5500000,9599.0000000,9210.3000000,9531.2100000,11407
GDAX.BTC-USD,D,20190621,000000,9531.2100000,10245.0000000,9531.2100000,10236.2000000,22744
GDAX.BTC-USD,D,20190622,000000,10235.5900000,11215.8900000,10080.0000000,10666.8600000,36952
GDAX.BTC-USD,D,20190623,000000,10666.8700000,11284.4400000,10490.0000000,10833.0200000,16026
GDAX.BTC-USD,D,20190624,000000,10833.0000000,11091.9700000,10550.2100000,11032.3200000,14935
GDAX.BTC-USD,D,20190625,000000,11030.8000000,11788.8800000,10997.0000000,11755.5300000,22239
GDAX.BTC-USD,D,20190626,000000,11754.2500000,13868.4400000,11350.0000000,12927.4400000,78734
GDAX.BTC-USD,D,20190627,000000,12927.4400000,13358.6800000,10300.0000000,11159.2900000,73690
GDAX.BTC-USD,D,20190628,000000,11159.2900000,12444.7700000,10737.8700000,12360.4500000,40961
GDAX.BTC-USD,D,20190629,000000,12360.4200000,12379.9900000,11318.9400000,11865.2900000,28157
GDAX.BTC-USD,D,20190630,000000,11869.8400000,12200.0000000,10650.0600000,10761.2600000,26295
GDAX.BTC-USD,D,20190701,000000,10761.2600000,11210.5200000,9953.0000000,10577.6300000,39018
GDAX.BTC-USD,D,20190702,000000,10578.2300000,10925.0000000,9651.0000000,10829.1800000,43009
GDAX.BTC-USD,D,20190703,000000,10829.1900000,12014.6000000,10829.1900000,11976.4200000,34757
GDAX.BTC-USD,D,20190704,000000,11976.0100000,12064.2600000,11035.0100000,11136.0000000,20335
GDAX.BTC-USD,D,20190705,000000,11137.8700000,11449.5100000,10761.8000000,11004.5100000,20011
GDAX.BTC-USD,D,20190706,000000,10994.9900000,11723.6000000,10980.0900000,11237.7700000,14936
GDAX.BTC-USD,D,20190707,000000,11237.7700000,11620.0000000,11084.3100000,11474.4200000,10825
GDAX.BTC-USD,D,20190708,000000,11474.4400000,12395.0000000,11328.0100000,12293.5300000,19231
GDAX.BTC-USD,D,20190709,000000,12293.3900000,12829.9600000,12105.3200000,12571.1100000,26744
GDAX.BTC-USD,D,20190710,000000,12572.1200000,13202.6300000,11553.2100000,12097.9600000,39590
GDAX.BTC-USD,D,20190711,000000,12097.4800000,12097.9300000,10933.0000000,11349.0000000,36528
GDAX.BTC-USD,D,20190712,000000,11348.5600000,11950.0000000,11079.5900000,11802.0000000,18091
GDAX.BTC-USD,D,20190713,000000,11797.5300000,11845.0000000,10814.4000000,11370.0800000,17052
GDAX.BTC-USD,D,20190714,000000,11370.0600000,11467.2700000,10084.4000000,10185.0300000,23830
GDAX.BTC-USD,D,20190715,000000,10190.9100000,11080.0100000,9857.2700000,10854.4700000,33025
GDAX.BTC-USD,D,20190716,000000,10856.4100000,11040.0000000,9350.0000000,9422.7200000,41705
GDAX.BTC-USD,D,20190717,000000,9429.8000000,9998.0000000,9071.0000000,9696.3100000,34410
GDAX.BTC-USD,D,20190718,000000,9696.3900000,10799.0000000,9291.0000000,10649.0700000,32235
GDAX.BTC-USD,D,20190719,000000,10652.7600000,10777.2100000,10111.0000000,10538.0600000,19123
GDAX.BTC-USD,D,20190720,000000,10536.9200000,11112.3100000,10360.6500000,10761.0300000,16390
GDAX.BTC-USD,D,20190721,000000,10761.0300000,10835.0000000,10320.0000000,10590.7000000,11548
GDAX.BTC-USD,D,20190722,000000,10590.7100000,10688.1400000,10060.0000000,10323.3900000,15378
GDAX.BTC-USD,D,20190723,000000,10324.1300000,10324.2800000,9800.2300000,9840.1200000,16598
GDAX.BTC-USD,D,20190724,000000,9848.9000000,9919.0800000,9507.3800000,9772.6000000,17831
GDAX.BTC-USD,D,20190725,000000,9772.5900000,10184.9900000,9734.5800000,9883.3300000,12980
GDAX.BTC-USD,D,20190726,000000,9880.8600000,9898.0300000,9657.2100000,9843.0000000,10536
GDAX.BTC-USD,D,20190727,000000,9843.0000000,10248.4100000,9292.0000000,9479.9800000,18185
GDAX.BTC-USD,D,20190728,000000,9469.3700000,9669.1100000,9108.8800000,9533.0000000,7638
GDAX.BTC-USD,D,20190729,000000,9533.0000000,9729.8700000,9356.7500000,9495.0100000,10204
GDAX.BTC-USD,D,20190730,000000,9499.2100000,9839.8300000,9371.9600000,9589.0100000,9102
GDAX.BTC-USD,D,20190731,000000,9589.0100000,10135.1200000,9570.0100000,10087.3000000,12090
GDAX.BTC-USD,D,20190801,000000,10089.9700000,10497.0000000,9881.0000000,10405.9400000,13974
GDAX.BTC-USD,D,20190802,000000,10404.4100000,10670.0000000,10321.4200000,10533.0100000,12809
GDAX.BTC-USD,D,20190803,000000,10533.6200000,10922.0800000,10500.0000000,10820.7600000,9721
GDAX.BTC-USD,D,20190804,000000,10822.0900000,11089.7400000,10572.0000000,10977.5100000,10869
GDAX.BTC-USD,D,20190805,000000,10977.9800000,11950.0000000,10977.9800000,11819.4900000,14358
GDAX.BTC-USD,D,20190806,000000,11811.7500000,12320.4000000,11187.0000000,11465.4900000,23545
GDAX.BTC-USD,D,20190807,000000,11465.4900000,12147.0000000,11366.2600000,11975.0300000,20916
GDAX.BTC-USD,D,20190808,000000,11983.4100000,12050.0000000,11451.0000000,11981.0000000,13400
GDAX.BTC-USD,D,20190809,000000,11982.3900000,12040.0000000,11651.8900000,11856.1000000,11398
GDAX.BTC-USD,D,20190810,000000,11860.6200000,11969.9900000,11170.0000000,11280.9500000,13526
GDAX.BTC-USD,D,20190811,000000,11280.9500000,11585.0000000,11088.8800000,11540.7600000,6761
GDAX.BTC-USD,D,20190812,000000,11540.7600000,11555.5500000,11222.4000000,11389.2800000,5840
GDAX.BTC-USD,D,20190813,000000,11389.2500000,11438.3900000,10746.0000000,10854.9200000,12143
GDAX.BTC-USD,D,20190814,000000,10854.9200000,10859.9700000,9890.3000000,10025.8600000,22869
GDAX.BTC-USD,D,20190815,000000,10021.1300000,10445.0000000,9470.0000000,10300.0100000,26701
GDAX.BTC-USD,D,20190816,000000,10300.0100000,10539.9000000,9739.9900000,10352.7800000,18728
GDAX.BTC-USD,D,20190817,000000,10352.7800000,10475.8200000,9978.0000000,10217.7900000,7060
GDAX.BTC-USD,D,20190818,000000,10217.9900000,10513.4500000,10066.6600000,10315.4800000,6094
GDAX.BTC-USD,D,20190819,000000,10315.4800000,10938.7600000,10265.0000000,10920.0000000,11335
GDAX.BTC-USD,D,20190820,000000,10917.9400000,10953.0000000,10555.7000000,10769.0900000,8425
GDAX.BTC-USD,D,20190821,000000,10768.4900000,10800.0000000,9841.5900000,10130.0000000,16960
GDAX.BTC-USD,D,20190822,000000,10133.3400000,10237.5300000,9759.0000000,10107.1500000,10596
GDAX.BTC-USD,D,20190823,000000,10105.6100000,10478.0000000,10035.8400000,10410.8500000,8806
GDAX.BTC-USD,D,20190824,000000,10413.4500000,10429.0000000,9886.2600000,10147.9600000,7586
GDAX.BTC-USD,D,20190825,000000,10148.0000000,10374.8500000,9899.9500000,10138.7200000,6882
GDAX.BTC-USD,D,20190826,000000,10142.0000000,10680.0000000,10140.9000000,10361.6500000,13831
GDAX.BTC-USD,D,20190827,000000,10361.6500000,10379.8700000,10019.5600000,10171.8500000,7293
GDAX.BTC-USD,D,20190828,000000,10171.9500000,10277.0000000,9522.9300000,9714.3100000,17165
GDAX.BTC-USD,D,20190829,000000,9714.0100000,9717.0300000,9321.7300000,9495.0000000,12372
GDAX.BTC-USD,D,20190830,000000,9494.8000000,9699.0000000,9337.9700000,9582.4200000,8394
GDAX.BTC-USD,D,20190831,000000,9582.4200000,9707.4800000,9436.2000000,9600.8600000,3762
GDAX.BTC-USD,D,20190901,000000,9600.8600000,9840.0000000,9539.5800000,9766.5200000,3725
GDAX.BTC-USD,D,20190902,000000,9766.6200000,10486.7700000,9756.5400000,10381.2600000,11224
GDAX.BTC-USD,D,20190903,000000,10381.2600000,10790.0000000,10280.0000000,10628.4800000,14175
GDAX.BTC-USD,D,20190904,000000,10628.4800000,10833.1400000,10380.0000000,10581.8400000,11609
GDAX.BTC-USD,D,20190905,000000,10581.8400000,10666.4300000,10452.1500000,10574.7300000,7170
GDAX.BTC-USD,D,20190906,000000,10574.2800000,10939.3400000,10182.0000000,10308.9200000,15436
GDAX.BTC-USD,D,20190907,000000,10308.9000000,10580.0000000,10304.5200000,10484.3700000,4186
GDAX.BTC-USD,D,20190908,000000,10484.3700000,10595.0000000,10231.1300000,10398.9700000,4708
GDAX.BTC-USD,D,20190909,000000,10401.1300000,10541.7500000,10059.9900000,10310.0000000,9442
GDAX.BTC-USD,D,20190910,000000,10310.0100000,10389.2600000,9916.0000000,10093.0100000,7884
GDAX.BTC-USD,D,20190911,000000,10093.0000000,10297.1200000,9851.9700000,10160.2000000,8175
GDAX.BTC-USD,D,20190912,000000,10158.8100000,10460.0000000,10040.0000000,10423.7200000,7350
GDAX.BTC-USD,D,20190913,000000,10423.8500000,10452.5000000,10157.0000000,10365.9300000,6710
GDAX.BTC-USD,D,20190914,000000,10365.9400000,10439.0000000,10223.3600000,10360.2500000,4294
GDAX.BTC-USD,D,20190915,000000,10360.0100000,10380.0000000,10263.3900000,10304.4600000,2561
GDAX.BTC-USD,D,20190916,000000,10303.6600000,10379.9800000,10068.4200000,10262.5400000,7563
GDAX.BTC-USD,D,20190917,000000,10262.5400000,10276.1800000,10135.4400000,10185.3900000,5481
GDAX.BTC-USD,D,20190918,000000,10185.4200000,10258.0000000,10074.0800000,10155.2600000,5447
GDAX.BTC-USD,D,20190919,000000,10156.2200000,10379.1500000,9585.8600000,10275.0100000,15432
GDAX.BTC-USD,D,20190920,000000,10275.0100000,10309.8400000,10056.3000000,10168.8500000,6015
GDAX.BTC-USD,D,20190921,000000,10168.8500000,10170.1500000,9917.3400000,9973.9900000,4860
GDAX.BTC-USD,D,20190922,000000,9973.9900000,10097.0000000,9848.3700000,10026.8000000,5062
GDAX.BTC-USD,D,20190923,000000,10026.7900000,10051.1500000,9665.3900000,9844.2800000,5640
GDAX.BTC-USD,D,20190924,000000,9693.7400000,9777.1600000,8159.3500000,8530.0100000,38709
GDAX.BTC-USD,D,20190925,000000,8530.0100000,8743.8600000,8222.0100000,8438.3500000,23519
GDAX.BTC-USD,D,20190926,000000,8438.3500000,8464.0800000,7712.4500000,8060.0000000,27656
GDAX.BTC-USD,D,20190927,000000,8060.0000000,8290.0000000,7861.0200000,8193.9900000,15894
GDAX.BTC-USD,D,20190928,000000,8193.9900000,8343.0000000,8015.2500000,8217.4700000,9024
GDAX.BTC-USD,D,20190929,000000,8217.4700000,8246.8700000,7902.9600000,8052.4000000,7114
GDAX.BTC-USD,D,20190930,000000,8054.0900000,8393.2300000,7701.0000000,8304.9600000,15137
GDAX.BTC-USD,D,20191001,000000,8304.9500000,8535.0000000,8200.0000000,8321.5200000,12264
GDAX.BTC-USD,D,20191002,000000,8321.8700000,8391.0000000,8168.8500000,8381.7200000,6748
GDAX.BTC-USD,D,20191003,000000,8381.7200000,8419.9500000,8059.2200000,8240.4100000,7498
GDAX.BTC-USD,D,20191004,000000,8241.2700000,8241.3500000,8002.2100000,8156.6700000,7561
GDAX.BTC-USD,D,20191005,000000,8156.6800000,8200.0000000,8020.2000000,8147.6300000,3657
GDAX.BTC-USD,D,20191006,000000,8147.6300000,8176.1800000,7780.8500000,7859.7900000,8446
GDAX.BTC-USD,D,20191007,000000,7859.7900000,8310.5700000,7762.3500000,8209.0000000,9730
GDAX.BTC-USD,D,20191008,000000,8208.9900000,8342.9700000,8107.2600000,8180.0000000,5667
GDAX.BTC-USD,D,20191009,000000,8180.0000000,8712.4500000,8121.0000000,8590.0000000,14248
GDAX.BTC-USD,D,20191010,000000,8590.0100000,8660.0000000,8452.5000000,8587.5000000,7781
GDAX.BTC-USD,D,20191011,000000,8587.4900000,8826.0000000,8226.0000000,8267.3300000,12266
GDAX.BTC-USD,D,20191012,000000,8263.0200000,8425.0000000,8261.4600000,8309.0300000,2913
GDAX.BTC-USD,D,20191013,000000,8309.0300000,8469.0200000,8146.4700000,8282.9700000,5610
GDAX.BTC-USD,D,20191014,000000,8282.9600000,8409.0000000,8215.6600000,8355.0000000,4290
GDAX.BTC-USD,D,20191015,000000,8355.0000000,8420.0000000,8085.6500000,8162.4400000,8406
GDAX.BTC-USD,D,20191016,000000,8162.4400000,8171.5900000,7908.8600000,7993.5400000,8287
GDAX.BTC-USD,D,20191017,000000,7995.8100000,8124.4200000,7937.0100000,8076.2000000,4753
GDAX.BTC-USD,D,20191018,000000,8076.9400000,8117.7700000,7814.0800000,7954.1600000,6956
GDAX.BTC-USD,D,20191019,000000,7954.1500000,8099.9800000,7873.4600000,7965.2800000,4712
GDAX.BTC-USD,D,20191020,000000,7965.2700000,8309.0000000,7875.0100000,8236.1200000,5983
GDAX.BTC-USD,D,20191021,000000,8235.9400000,8349.8400000,8156.0000000,8209.9200000,5964
GDAX.BTC-USD,D,20191022,000000,8209.9200000,8317.1400000,7998.9000000,8024.7200000,5767
GDAX.BTC-USD,D,20191023,000000,8024.0000000,8049.0000000,7296.4400000,7474.8500000,18866
GDAX.BTC-USD,D,20191024,000000,7475.5400000,7509.9900000,7359.4800000,7430.8700000,7782
GDAX.BTC-USD,D,20191025,000000,7430.8700000,8800.1000000,7389.9100000,8668.0000000,26909
GDAX.BTC-USD,D,20191026,000000,8668.0000000,10540.4900000,8645.0100000,9259.7800000,53163
GDAX.BTC-USD,D,20191027,000000,9259.9800000,9826.7200000,9102.3300000,9548.8400000,19437
GDAX.BTC-USD,D,20191028,000000,9555.8900000,9939.6900000,9180.5900000,9226.5000000,16450
GDAX.BTC-USD,D,20191029,000000,9225.0600000,9575.0000000,9068.1900000,9430.8000000,12501
GDAX.BTC-USD,D,20191030,000000,9431.3600000,9431.3600000,8991.3300000,9164.4400000,9722
GDAX.BTC-USD,D,20191031,000000,9164.4500000,9433.0000000,8950.0000000,9159.4800000,8190
GDAX.BTC-USD,D,20191101,000000,9159.9600000,9299.9900000,9057.2700000,9253.1200000,7635
GDAX.BTC-USD,D,20191102,000000,9253.0900000,9393.0000000,9210.0000000,9308.5200000,4437
GDAX.BTC-USD,D,20191103,000000,9308.5200000,9380.0000000,9068.3000000,9206.5200000,4135
GDAX.BTC-USD,D,20191104,000000,9206.5200000,9600.0000000,9127.0000000,9412.5300000,8134
GDAX.BTC-USD,D,20191105,000000,9412.6300000,9474.8900000,9169.8400000,9322.0900000,7438
GDAX.BTC-USD,D,20191106,000000,9322.0900000,9450.0000000,9253.6600000,9341.2700000,6655
GDAX.BTC-USD,D,20191107,000000,9341.2700000,9375.1600000,9075.0000000,9198.8400000,5780
GDAX.BTC-USD,D,20191108,000000,9198.8500000,9246.0000000,8660.0000000,8763.0100000,12678
GDAX.BTC-USD,D,20191109,000000,8763.0100000,8873.4800000,8712.5200000,8807.8900000,4020
GDAX.BTC-USD,D,20191110,000000,8807.8900000,9150.0000000,8731.4300000,9032.2300000,5773
GDAX.BTC-USD,D,20191111,000000,9032.2300000,9067.3400000,8590.0000000,8721.5400000,6896
GDAX.BTC-USD,D,20191112,000000,8721.5300000,8870.0000000,8556.5600000,8810.0000000,6108
GDAX.BTC-USD,D,20191113,000000,8811.0000000,8838.8000000,8705.0000000,8758.3400000,4309
GDAX.BTC-USD,D,20191114,000000,8758.3400000,8784.6100000,8558.0100000,8630.0000000,5467
GDAX.BTC-USD,D,20191115,000000,8630.0100000,8773.2200000,8361.0000000,8457.4800000,10723
GDAX.BTC-USD,D,20191116,000000,8457.4800000,8531.0300000,8423.0000000,8481.0000000,2581
GDAX.BTC-USD,D,20191117,000000,8481.0000000,8637.0100000,8371.0200000,8500.0100000,3556
GDAX.BTC-USD,D,20191118,000000,8501.0000000,8501.0100000,8015.0000000,8168.8400000,9626
GDAX.BTC-USD,D,20191119,000000,8168.8400000,8197.8200000,7980.0700000,8123.3600000,7171
GDAX.BTC-USD,D,20191120,000000,8123.3600000,8222.4100000,8030.0500000,8082.9600000,5093
GDAX.BTC-USD,D,20191121,000000,8082.9700000,8114.9700000,7374.5000000,7616.4600000,16701
GDAX.BTC-USD,D,20191122,000000,7616.4800000,7720.0000000,6775.4700000,7283.0300000,33374
GDAX.BTC-USD,D,20191123,000000,7283.1900000,7361.4100000,7102.2100000,7329.2900000,7541
GDAX.BTC-USD,D,20191124,000000,7329.2900000,7344.0000000,6865.0000000,6908.6400000,10369
GDAX.BTC-USD,D,20191125,000000,6908.6400000,7379.9900000,6526.0000000,7127.0100000,26895
GDAX.BTC-USD,D,20191126,000000,7127.0100000,7340.5900000,7021.8400000,7162.6700000,11694
GDAX.BTC-USD,D,20191127,000000,7162.6700000,7678.7600000,6850.0000000,7523.7200000,18984
GDAX.BTC-USD,D,20191128,000000,7524.7300000,7660.8200000,7370.6200000,7432.4100000,8387
GDAX.BTC-USD,D,20191129,000000,7432.4100000,7870.1000000,7411.0000000,7760.0000000,10708
GDAX.BTC-USD,D,20191130,000000,7759.9900000,7820.0000000,7453.0000000,7555.9200000,5946
GDAX.BTC-USD,D,20191201,000000,7555.9200000,7555.9200000,7237.1600000,7404.2700000,8507
GDAX.BTC-USD,D,20191202,000000,7405.3300000,7430.0000000,7157.3300000,7305.0100000,6877
GDAX.BTC-USD,D,20191203,000000,7305.0100000,7412.8500000,7237.2600000,7302.9400000,5991
GDAX.BTC-USD,D,20191204,000000,7302.9400000,7775.0000000,7080.0000000,7198.9900000,16272
GDAX.BTC-USD,D,20191205,000000,7199.0000000,7489.8700000,7152.7800000,7393.5400000,9064
GDAX.BTC-USD,D,20191206,000000,7393.5500000,7609.5000000,7305.7500000,7540.0800000,9139
GDAX.BTC-USD,D,20191207,000000,7541.7600000,7643.0000000,7487.0000000,7502.1900000,4746
GDAX.BTC-USD,D,20191208,000000,7502.2000000,7580.8400000,7387.5000000,7520.0000000,4089
GDAX.BTC-USD,D,20191209,000000,7520.0000000,7659.3800000,7262.8700000,7337.5100000,10039
GDAX.BTC-USD,D,20191210,000000,7337.5100000,7398.0000000,7156.0300000,7219.3700000,6991
GDAX.BTC-USD,D,20191211,000000,7219.3700000,7263.3100000,7124.4500000,7201.2300000,5764
GDAX.BTC-USD,D,20191212,000000,7201.2400000,7298.5000000,7075.0100000,7185.9100000,8379
GDAX.BTC-USD,D,20191213,000000,7185.9100000,7299.2100000,7183.2900000,7249.9000000,5910
GDAX.BTC-USD,D,20191214,000000,7249.9000000,7264.3300000,7008.0300000,7062.9100000,4164
GDAX.BTC-USD,D,20191215,000000,7062.9200000,7220.0100000,7006.0100000,7111.0000000,4734
GDAX.BTC-USD,D,20191216,000000,7111.0000000,7137.0000000,6803.2400000,6877.0300000,12891
GDAX.BTC-USD,D,20191217,000000,6877.0400000,6933.2100000,6556.0000000,6616.6200000,13622
GDAX.BTC-USD,D,20191218,000000,6616.6200000,7448.2400000,6430.0000000,7285.5300000,22513
GDAX.BTC-USD,D,20191219,000000,7288.0500000,7371.7000000,7044.4500000,7149.1200000,10260
GDAX.BTC-USD,D,20191220,000000,7149.1300000,7220.0000000,7073.6600000,7190.0000000,5821
GDAX.BTC-USD,D,20191221,000000,7190.0000000,7190.0000000,7099.5700000,7143.0100000,3279
GDAX.BTC-USD,D,20191222,000000,7143.0100000,7521.5500000,7125.0000000,7513.0600000,9903
GDAX.BTC-USD,D,20191223,000000,7514.7400000,7688.9900000,7259.1900000,7310.7900000,14897
GDAX.BTC-USD,D,20191224,000000,7310.7900000,7426.1500000,7151.0800000,7255.0100000,7658
GDAX.BTC-USD,D,20191225,000000,7255.0100000,7265.1200000,7115.5000000,7192.1200000,3175
GDAX.BTC-USD,D,20191226,000000,7192.1200000,7432.1000000,7140.0000000,7194.1300000,7482
GDAX.BTC-USD,D,20191227,000000,7194.1300000,7254.0000000,7053.3200000,7245.8300000,8303
GDAX.BTC-USD,D,20191228,000000,7245.8300000,7346.0000000,7232.5500000,7302.6700000,4487
GDAX.BTC-USD,D,20191229,000000,7302.6700000,7531.0000000,7278.0700000,7384.8900000,6354
GDAX.BTC-USD,D,20191230,000000,7384.5700000,7386.2800000,7200.0000000,7218.0000000,7160
GDAX.BTC-USD,D,20191231,000000,7218.0100000,7298.6700000,7111.0000000,7165.7200000,6551
GDAX.BTC-USD,D,20200101,000000,7165.7200000,7238.1400000,7136.0500000,7174.3300000,3177
GDAX.BTC-USD,D,20200102,000000,7174.3300000,7186.1800000,6903.0000000,6945.0200000,7812
GDAX.BTC-USD,D,20200103,000000,6945.0200000,7401.2000000,6854.6700000,7334.4500000,13847
GDAX.BTC-USD,D,20200104,000000,7334.4500000,7398.0000000,7263.3200000,7348.6300000,4608
GDAX.BTC-USD,D,20200105,000000,7348.6300000,7488.8700000,7312.2200000,7355.4000000,5759
GDAX.BTC-USD,D,20200106,000000,7355.4000000,7805.0000000,7343.1700000,7764.6300000,11139
GDAX.BTC-USD,D,20200107,000000,7764.6300000,8216.0000000,7723.0000000,8158.5200000,19359
GDAX.BTC-USD,D,20200108,000000,8160.0100000,8469.3900000,7845.0000000,8045.5100000,23639
GDAX.BTC-USD,D,20200109,000000,8047.7500000,8048.6700000,7744.4800000,7813.7800000,9296
GDAX.BTC-USD,D,20200110,000000,7813.7800000,8199.7700000,7671.0000000,8198.0900000,13167
GDAX.BTC-USD,D,20200111,000000,8198.0900000,8290.0000000,8000.0100000,8020.0000000,7302
GDAX.BTC-USD,D,20200112,000000,8017.4700000,8185.0000000,7963.2500000,8180.8100000,3700
GDAX.BTC-USD,D,20200113,000000,8180.8100000,8195.8100000,8041.9500000,8104.5000000,6508
GDAX.BTC-USD,D,20200114,000000,8105.6000000,8893.6900000,8105.2300000,8815.6900000,26671
GDAX.BTC-USD,D,20200115,000000,8812.5800000,8900.0000000,8550.0000000,8808.8100000,14723
GDAX.BTC-USD,D,20200116,000000,8808.8100000,8850.0000000,8580.0000000,8714.7600000,8988
GDAX.BTC-USD,D,20200117,000000,8714.7700000,9013.0000000,8665.6700000,8899.4200000,15214
GDAX.BTC-USD,D,20200118,000000,8899.4200000,8980.0000000,8800.1000000,8909.3200000,5409
GDAX.BTC-USD,D,20200119,000000,8908.9500000,9194.9900000,8465.0000000,8697.5300000,14908
GDAX.BTC-USD,D,20200120,000000,8697.5300000,8734.8400000,8504.0600000,8628.8900000,5369
GDAX.BTC-USD,D,20200121,000000,8628.8900000,8774.3100000,8465.0000000,8722.0300000,7266
GDAX.BTC-USD,D,20200122,000000,8722.0300000,8791.7600000,8565.0000000,8660.3800000,5342
GDAX.BTC-USD,D,20200123,000000,8660.3800000,8665.0000000,8278.0000000,8385.2200000,11956
GDAX.BTC-USD,D,20200124,000000,8385.2100000,8509.9900000,8216.7100000,8427.2600000,8431
GDAX.BTC-USD,D,20200125,000000,8427.5800000,8437.7600000,8252.7300000,8326.8100000,3634
GDAX.BTC-USD,D,20200126,000000,8326.8000000,8595.0000000,8278.6800000,8595.0000000,5335
GDAX.BTC-USD,D,20200127,000000,8595.0000000,8985.0000000,8556.6000000,8895.9600000,9289
GDAX.BTC-USD,D,20200128,000000,8895.9500000,9418.9100000,8880.8700000,9394.5000000,16855
GDAX.BTC-USD,D,20200129,000000,9391.1400000,9439.8300000,9224.7500000,9288.4400000,12027
GDAX.BTC-USD,D,20200130,000000,9287.9000000,9574.6800000,9171.1100000,9503.0800000,12603
GDAX.BTC-USD,D,20200131,000000,9502.7100000,9522.5000000,9195.4900000,9334.9800000,9474
GDAX.BTC-USD,D,20200201,000000,9334.9800000,9458.0800000,9285.0100000,9380.1800000,4218
GDAX.BTC-USD,D,20200202,000000,9380.1800000,9480.0000000,9140.0000000,9323.5000000,7071
GDAX.BTC-USD,D,20200203,000000,9325.0100000,9619.9500000,9220.0000000,9280.4900000,11681
GDAX.BTC-USD,D,20200204,000000,9280.4900000,9350.0000000,9078.0500000,9164.3300000,8023
GDAX.BTC-USD,D,20200205,000000,9164.3300000,9769.7000000,9150.0000000,9613.8200000,13011
GDAX.BTC-USD,D,20200206,000000,9613.9100000,9857.0000000,9521.4700000,9763.0100000,12351
GDAX.BTC-USD,D,20200207,000000,9763.0100000,9885.0000000,9713.9900000,9808.0500000,8353
GDAX.BTC-USD,D,20200208,000000,9807.9200000,9955.0000000,9653.4700000,9905.6400000,7818
GDAX.BTC-USD,D,20200209,000000,9905.6400000,10178.9100000,9888.7600000,10168.3500000,9312
GDAX.BTC-USD,D,20200210,000000,10168.3600000,10199.0000000,9736.0000000,9851.7800000,13062
GDAX.BTC-USD,D,20200211,000000,9851.7800000,10400.0000000,9706.0000000,10270.0100000,16407
GDAX.BTC-USD,D,20200212,000000,10270.0100000,10483.8600000,10250.0000000,10351.1300000,13454
GDAX.BTC-USD,D,20200213,000000,10351.1300000,10522.5100000,10083.1000000,10236.4900000,16884
GDAX.BTC-USD,D,20200214,000000,10236.4900000,10395.6600000,10102.5000000,10371.3300000,7807
GDAX.BTC-USD,D,20200215,000000,10371.3300000,10400.0000000,9750.0000000,9911.2200000,12112
GDAX.BTC-USD,D,20200216,000000,9911.2200000,10048.3400000,9612.1200000,9921.0000000,9139
GDAX.BTC-USD,D,20200217,000000,9920.5200000,9969.3800000,9467.0000000,9700.0000000,9946
GDAX.BTC-USD,D,20200218,000000,9700.0000000,10298.2500000,9610.2700000,10188.0400000,11310
GDAX.BTC-USD,D,20200219,000000,10188.0400000,10315.0000000,9280.9800000,9600.0800000,15962
GDAX.BTC-USD,D,20200220,000000,9593.4800000,9698.1000000,9393.3900000,9610.0500000,12152
GDAX.BTC-USD,D,20200221,000000,9610.0500000,9769.6600000,9566.9800000,9695.6600000,6858
GDAX.BTC-USD,D,20200222,000000,9695.6600000,9722.9700000,9575.0100000,9668.2300000,3167
GDAX.BTC-USD,D,20200223,000000,9668.2300000,10025.6600000,9667.1300000,9965.0100000,5398
GDAX.BTC-USD,D,20200224,000000,9965.0000000,10030.0000000,9474.7400000,9660.0000000,11103
GDAX.BTC-USD,D,20200225,000000,9660.0000000,9681.5600000,9230.0000000,9305.0000000,9122
GDAX.BTC-USD,D,20200226,000000,9304.9900000,9375.3600000,8602.0000000,8778.3000000,21596
GDAX.BTC-USD,D,20200227,000000,8778.3000000,8972.9200000,8520.0000000,8812.4900000,14768
GDAX.BTC-USD,D,20200228,000000,8814.9000000,8899.9400000,8428.8000000,8708.8900000,13657
GDAX.BTC-USD,D,20200229,000000,8708.6100000,8799.0000000,8520.6700000,8525.0700000,5148
GDAX.BTC-USD,D,20200301,000000,8523.3300000,8752.3400000,8400.0000000,8522.3100000,7345
GDAX.BTC-USD,D,20200302,000000,8522.3000000,8973.4500000,8487.3300000,8915.0000000,10207
GDAX.BTC-USD,D,20200303,000000,8919.2100000,8927.4500000,8635.3100000,8757.8400000,9139
GDAX.BTC-USD,D,20200304,000000,8757.8300000,8847.0000000,8670.5700000,8760.6600000,5704
GDAX.BTC-USD,D,20200305,000000,8759.9900000,9174.2400000,8759.9900000,9070.1700000,10066
GDAX.BTC-USD,D,20200306,000000,9070.1800000,9182.0800000,9000.0100000,9158.5100000,6408
GDAX.BTC-USD,D,20200307,000000,9158.5100000,9214.6700000,8850.4700000,8901.3700000,6460
GDAX.BTC-USD,D,20200308,000000,8901.3600000,8901.3700000,8002.2000000,8037.7600000,16572
GDAX.BTC-USD,D,20200309,000000,8037.7300000,8187.0300000,7630.0000000,7934.5200000,25558
GDAX.BTC-USD,D,20200310,000000,7934.5600000,8158.2500000,7733.5600000,7894.6800000,17168
GDAX.BTC-USD,D,20200311,000000,7894.6800000,7987.9700000,7583.2700000,7938.0500000,13646
GDAX.BTC-USD,D,20200312,000000,7938.0500000,7969.4500000,4644.0000000,4857.1000000,113877
GDAX.BTC-USD,D,20200313,000000,4857.1000000,5995.0000000,3858.0000000,5637.6000000,130323
GDAX.BTC-USD,D,20200314,000000,5630.9300000,5669.0000000,5050.0000000,5165.2500000,32758
GDAX.BTC-USD,D,20200315,000000,5161.1600000,5985.0000000,5085.9100000,5345.3500000,43764
GDAX.BTC-USD,D,20200316,000000,5346.8600000,5350.3000000,4432.3000000,5037.6100000,80179
GDAX.BTC-USD,D,20200317,000000,5039.9500000,5569.4400000,4935.6000000,5331.7100000,44352
GDAX.BTC-USD,D,20200318,000000,5331.7100000,5452.8200000,5001.0000000,5413.6400000,37510
GDAX.BTC-USD,D,20200319,000000,5413.8800000,6441.3700000,5261.6900000,6186.2600000,54668
GDAX.BTC-USD,D,20200320,000000,6183.8200000,6990.0000000,5657.0000000,6206.1000000,53014
GDAX.BTC-USD,D,20200321,000000,6210.4700000,6470.0000000,5851.0000000,6198.7800000,23514
GDAX.BTC-USD,D,20200322,000000,6198.6400000,6420.0000000,5738.0000000,5818.2500000,28083
GDAX.BTC-USD,D,20200323,000000,5815.2400000,6641.0300000,5678.2000000,6490.6300000,42409
GDAX.BTC-USD,D,20200324,000000,6493.5800000,6866.1000000,6403.1600000,6766.6400000,40634
GDAX.BTC-USD,D,20200325,000000,6766.0000000,6983.3100000,6470.0000000,6690.9600000,31271
GDAX.BTC-USD,D,20200326,000000,6691.7100000,6795.0000000,6520.1300000,6758.1800000,17439
GDAX.BTC-USD,D,20200327,000000,6760.0000000,6880.0000000,6260.0000000,6372.3600000,20468
GDAX.BTC-USD,D,20200328,000000,6372.3600000,6372.3600000,6030.0000000,6251.8200000,20349
GDAX.BTC-USD,D,20200329,000000,6251.4500000,6279.9600000,5870.4600000,5877.2100000,16105
GDAX.BTC-USD,D,20200330,000000,5878.9800000,6631.2300000,5853.0000000,6406.4000000,23656
GDAX.BTC-USD,D,20200331,000000,6406.4000000,6524.7900000,6333.9100000,6424.3500000,11927
GDAX.BTC-USD,D,20200401,000000,6424.0200000,6744.9900000,6160.0000000,6666.1100000,17902
GDAX.BTC-USD,D,20200402,000000,6666.1100000,7292.1100000,6570.9200000,6804.5200000,28760
GDAX.BTC-USD,D,20200403,000000,6804.2400000,7050.0000000,6606.0600000,6741.9900000,14950
GDAX.BTC-USD,D,20200404,000000,6741.9900000,7025.5300000,6658.1600000,6874.7700000,10208
GDAX.BTC-USD,D,20200405,000000,6874.7700000,6925.0000000,6681.0000000,6778.2500000,8961
GDAX.BTC-USD,D,20200406,000000,6778.6400000,7373.3700000,6773.2800000,7341.5600000,27994
GDAX.BTC-USD,D,20200407,000000,7341.5500000,7466.0000000,7073.0000000,7200.0100000,22755
GDAX.BTC-USD,D,20200408,000000,7200.0100000,7430.0000000,7154.2200000,7370.1100000,15415
GDAX.BTC-USD,D,20200409,000000,7370.3800000,7377.0000000,7110.0000000,7293.2400000,12378
GDAX.BTC-USD,D,20200410,000000,7293.2300000,7305.9100000,6750.0000000,6871.9100000,19670
GDAX.BTC-USD,D,20200411,000000,6871.8300000,6955.0000000,6775.0000000,6889.6500000,8056
GDAX.BTC-USD,D,20200412,000000,6889.7800000,7200.0000000,6787.4400000,6908.1300000,12727
GDAX.BTC-USD,D,20200413,000000,6908.1200000,6908.1300000,6555.0000000,6861.2100000,22325
GDAX.BTC-USD,D,20200414,000000,6860.5100000,6997.3800000,6771.4100000,6877.3700000,12868
GDAX.BTC-USD,D,20200415,000000,6876.9200000,6940.0000000,6605.8900000,6624.1200000,14742
GDAX.BTC-USD,D,20200416,000000,6623.6200000,7217.2700000,6456.0000000,7112.6400000,28098
GDAX.BTC-USD,D,20200417,000000,7114.7600000,7156.6600000,7000.0000000,7037.4600000,13533
GDAX.BTC-USD,D,20200418,000000,7036.4500000,7308.0000000,7021.0000000,7261.7600000,11501
GDAX.BTC-USD,D,20200419,000000,7262.0400000,7275.0000000,7063.0200000,7130.7100000,8879
GDAX.BTC-USD,D,20200420,000000,7130.7000000,7227.1100000,6748.7200000,6838.1900000,18390
GDAX.BTC-USD,D,20200421,000000,6837.2200000,6959.0000000,6776.0000000,6853.6800000,14473
GDAX.BTC-USD,D,20200422,000000,6853.6700000,7167.3700000,6826.0000000,7136.8400000,13143
GDAX.BTC-USD,D,20200423,000000,7136.8100000,7775.0000000,7031.1400000,7488.8300000,22754
GDAX.BTC-USD,D,20200424,000000,7491.5000000,7612.2400000,7390.0000000,7514.6400000,13747
GDAX.BTC-USD,D,20200425,000000,7514.9900000,7720.0000000,7437.9400000,7547.6100000,7445
GDAX.BTC-USD,D,20200426,000000,7547.6100000,7715.0000000,7490.0000000,7706.4000000,9287
GDAX.BTC-USD,D,20200427,000000,7706.4000000,7810.9900000,7635.6900000,7789.7700000,15477
GDAX.BTC-USD,D,20200428,000000,7789.7700000,7794.7400000,7672.0000000,7755.0100000,10971
GDAX.BTC-USD,D,20200429,000000,7757.1800000,8988.0000000,7720.0000000,8793.7500000,48703
GDAX.BTC-USD,D,20200430,000000,8794.9900000,9478.6600000,8407.0000000,8624.2800000,44859
GDAX.BTC-USD,D,20200501,000000,8624.6800000,9075.9800000,8622.7200000,8829.4200000,21647
GDAX.BTC-USD,D,20200502,000000,8829.4200000,9025.0000000,8762.0100000,8985.5800000,10532
GDAX.BTC-USD,D,20200503,000000,8984.6900000,9203.5200000,8731.0100000,8909.9500000,17147
GDAX.BTC-USD,D,20200504,000000,8907.8500000,8970.0000000,8533.9800000,8883.5300000,18368
GDAX.BTC-USD,D,20200505,000000,8887.8100000,9126.2700000,8769.6900000,9028.7900000,16401
GDAX.BTC-USD,D,20200506,000000,9028.7800000,9418.0000000,8922.1300000,9155.7900000,27646
GDAX.BTC-USD,D,20200507,000000,9155.7900000,10079.0000000,9028.8900000,10004.7700000,39458
GDAX.BTC-USD,D,20200508,000000,10000.3700000,10049.0000000,9730.0000000,9810.0000000,26367
GDAX.BTC-USD,D,20200509,000000,9810.0100000,9920.7300000,9521.0000000,9537.2100000,17910
GDAX.BTC-USD,D,20200510,000000,9537.2100000,9559.9800000,8106.7000000,8729.8600000,50906
GDAX.BTC-USD,D,20200511,000000,8729.8600000,9182.6600000,8185.0000000,8572.4000000,40006
GDAX.BTC-USD,D,20200512,000000,8572.4000000,8982.9000000,8534.8500000,8821.4200000,20213
GDAX.BTC-USD,D,20200513,000000,8821.4100000,9420.1800000,8803.9700000,9321.2600000,21370
GDAX.BTC-USD,D,20200514,000000,9320.8500000,9943.9300000,9257.1500000,9795.3400000,28739
GDAX.BTC-USD,D,20200515,000000,9795.3400000,9849.0000000,9120.0000000,9312.1000000,25195
GDAX.BTC-USD,D,20200516,000000,9312.1000000,9594.9900000,9215.0100000,9383.1600000,10769
GDAX.BTC-USD,D,20200517,000000,9380.0100000,9896.0000000,9325.8100000,9676.6300000,13526
GDAX.BTC-USD,D,20200518,000000,9677.4500000,9957.2500000,9436.9700000,9728.5200000,17715
GDAX.BTC-USD,D,20200519,000000,9728.5200000,9898.0000000,9463.2200000,9783.7600000,15213
GDAX.BTC-USD,D,20200520,000000,9783.5700000,9836.9900000,9294.5400000,9509.4100000,16892
GDAX.BTC-USD,D,20200521,000000,9509.4000000,9568.0000000,8800.0000000,9061.9600000,28103
GDAX.BTC-USD,D,20200522,000000,9059.3200000,9267.3400000,8923.5000000,9168.8400000,13739
GDAX.BTC-USD,D,20200523,000000,9168.8400000,9313.8300000,9090.1100000,9181.7600000,6836
GDAX.BTC-USD,D,20200524,000000,9181.0900000,9306.2300000,8680.7000000,8715.7300000,12987
GDAX.BTC-USD,D,20200525,000000,8715.6900000,8977.0000000,8632.9300000,8899.3100000,12319
GDAX.BTC-USD,D,20200526,000000,8900.0000000,9016.9900000,8694.2300000,8844.4200000,11495
GDAX.BTC-USD,D,20200527,000000,8844.4100000,9230.0000000,8811.4600000,9208.5300000,10954
GDAX.BTC-USD,D,20200528,000000,9208.5300000,9623.7900000,9112.0000000,9581.0950000,19783
GDAX.BTC-USD,D,20200529,000000,9581.3050000,9607.2350000,9331.2400000,9423.8400000,55791
GDAX.BTC-USD,D,20200530,000000,9423.8500000,9764.0000000,9326.4300000,9700.3300000,10498
GDAX.BTC-USD,D,20200531,000000,9700.3200000,9705.6000000,9369.5800000,9446.5700000,7940
GDAX.BTC-USD,D,20200601,000000,9445.8300000,10428.0000000,9417.4200000,10208.9600000,21662
GDAX.BTC-USD,D,20200602,000000,10208.9600000,10237.6000000,9270.0000000,9522.4600000,33210
GDAX.BTC-USD,D,20200603,000000,9521.5300000,9695.0000000,9385.2200000,9668.0700000,11427
GDAX.BTC-USD,D,20200604,000000,9668.0600000,9888.0000000,9450.0000000,9788.0300000,12437
GDAX.BTC-USD,D,20200605,000000,9791.9600000,9855.0000000,9585.4400000,9613.2100000,12482
GDAX.BTC-USD,D,20200606,000000,9613.4200000,9735.1300000,9526.0300000,9671.7000000,6487
GDAX.BTC-USD,D,20200607,000000,9670.2800000,9822.0000000,9370.0000000,9750.1200000,11612
GDAX.BTC-USD,D,20200608,000000,9750.1200000,9815.0000000,9632.7900000,9781.5100000,8543
GDAX.BTC-USD,D,20200609,000000,9781.5100000,9886.0000000,9567.3300000,9779.4100000,10350
GDAX.BTC-USD,D,20200610,000000,9779.7000000,10018.6700000,9690.0000000,9894.0400000,12969
GDAX.BTC-USD,D,20200611,000000,9894.3500000,9973.2500000,9050.0000000,9268.1600000,26770
GDAX.BTC-USD,D,20200612,000000,9268.1600000,9552.8700000,9227.0000000,9464.1700000,10988
GDAX.BTC-USD,D,20200613,000000,9464.7100000,9494.4500000,9346.0000000,9475.0000000,4566
GDAX.BTC-USD,D,20200614,000000,9475.0000000,9481.0000000,9240.0000000,9325.0000000,4796
GDAX.BTC-USD,D,20200615,000000,9328.6300000,9499.0000000,8895.0100000,9432.5300000,18585
GDAX.BTC-USD,D,20200616,000000,9432.5700000,9592.0400000,9381.0000000,9526.2500000,10343
GDAX.BTC-USD,D,20200617,000000,9526.2500000,9558.4800000,9227.0300000,9457.5100000,8917
GDAX.BTC-USD,D,20200618,000000,9457.5100000,9482.6600000,9267.1800000,9376.1400000,6301
GDAX.BTC-USD,D,20200619,000000,9376.1400000,9430.0000000,9229.0000000,9301.9100000,7876
GDAX.BTC-USD,D,20200620,000000,9300.4200000,9391.7100000,9161.0000000,9355.7400000,6888
GDAX.BTC-USD,D,20200621,000000,9355.7400000,9419.3500000,9273.0000000,9286.1400000,3055
GDAX.BTC-USD,D,20200622,000000,9286.1400000,9792.0000000,9267.5800000,9690.7400000,11746
GDAX.BTC-USD,D,20200623,000000,9690.6700000,9724.5300000,9572.2200000,9623.5600000,7957
GDAX.BTC-USD,D,20200624,000000,9623.5600000,9663.3800000,9195.0000000,9285.9100000,13390
GDAX.BTC-USD,D,20200625,000000,9285.9400000,9335.0000000,8979.0700000,9243.5100000,13527
GDAX.BTC-USD,D,20200626,000000,9242.9800000,9291.7300000,9027.6200000,9155.4200000,10701
GDAX.BTC-USD,D,20200627,000000,9155.4200000,9188.1400000,8815.0100000,9002.4600000,8386
GDAX.BTC-USD,D,20200628,000000,9002.3800000,9189.0000000,8931.7700000,9113.2400000,5538
GDAX.BTC-USD,D,20200629,000000,9113.2300000,9236.7500000,9014.0000000,9184.4500000,8642
GDAX.BTC-USD,D,20200630,000000,9188.7900000,9201.0000000,9059.6000000,9136.2000000,6807
GDAX.BTC-USD,D,20200701,000000,9135.9100000,9297.2000000,9088.0000000,9239.9700000,7546
GDAX.BTC-USD,D,20200702,000000,9239.4100000,9265.0000000,8938.0000000,9091.5300000,10770
GDAX.BTC-USD,D,20200703,000000,9091.9800000,9126.1200000,9036.7400000,9063.8700000,7746
GDAX.BTC-USD,D,20200704,000000,9059.7300000,9195.8400000,9039.8400000,9138.5100000,5287
GDAX.BTC-USD,D,20200705,000000,9138.5100000,9145.0000000,8905.8400000,9074.3900000,4562
GDAX.BTC-USD,D,20200706,000000,9074.3700000,9375.9000000,9061.5900000,9343.3100000,9937
GDAX.BTC-USD,D,20200707,000000,9343.3100000,9379.3400000,9201.5700000,9253.9400000,6319
GDAX.BTC-USD,D,20200708,000000,9253.9400000,9475.0000000,9232.2000000,9435.2800000,10134
GDAX.BTC-USD,D,20200709,000000,9435.2800000,9446.6200000,9154.7900000,9236.9500000,8453
GDAX.BTC-USD,D,20200710,000000,9236.9500000,9322.2300000,9118.0000000,9291.0500000,6886
GDAX.BTC-USD,D,20200711,000000,9291.0400000,9303.0400000,9182.3500000,9235.0000000,3356
GDAX.BTC-USD,D,20200712,000000,9235.0000000,9347.5300000,9159.3300000,9303.3700000,5370
GDAX.BTC-USD,D,20200713,000000,9303.3800000,9339.6100000,9193.5200000,9236.9200000,8705
GDAX.BTC-USD,D,20200714,000000,9236.9100000,9280.0000000,9100.0000000,9256.9400000,7472
GDAX.BTC-USD,D,20200715,000000,9256.9400000,9273.9800000,9154.0100000,9190.1600000,7206
GDAX.BTC-USD,D,20200716,000000,9190.8000000,9216.0200000,9005.0000000,9130.1100000,8770
GDAX.BTC-USD,D,20200717,000000,9130.9300000,9182.9900000,9054.9900000,9154.2900000,6410
GDAX.BTC-USD,D,20200718,000000,9154.2900000,9210.0000000,9122.6500000,9175.8500000,4105
GDAX.BTC-USD,D,20200719,000000,9175.8300000,9245.0300000,9105.3700000,9212.8700000,3501
GDAX.BTC-USD,D,20200720,000000,9214.0100000,9223.5100000,9131.0000000,9161.0500000,5812
GDAX.BTC-USD,D,20200721,000000,9161.0500000,9438.0000000,9157.0400000,9394.1400000,9616
GDAX.BTC-USD,D,20200722,000000,9394.1400000,9567.7700000,9277.0000000,9536.1800000,10349
GDAX.BTC-USD,D,20200723,000000,9536.2000000,9686.0000000,9450.0400000,9613.2400000,12999
GDAX.BTC-USD,D,20200724,000000,9613.2400000,9645.5500000,9475.7000000,9551.2100000,9790
GDAX.BTC-USD,D,20200725,000000,9551.2100000,9747.7600000,9536.6400000,9711.3300000,6963
GDAX.BTC-USD,D,20200726,000000,9711.7900000,10150.0000000,9661.3500000,9941.0000000,11626
GDAX.BTC-USD,D,20200727,000000,9941.0000000,11420.0000000,9935.0000000,11048.9100000,41853
GDAX.BTC-USD,D,20200728,000000,11048.0500000,11259.0000000,10575.0000000,10934.2300000,26007
GDAX.BTC-USD,D,20200729,000000,10934.2200000,11350.0000000,10843.4700000,11110.1200000,18558
GDAX.BTC-USD,D,20200730,000000,11108.1600000,11188.6500000,10811.0000000,11115.9500000,12412
GDAX.BTC-USD,D,20200731,000000,11115.9900000,11460.0000000,10975.0000000,11351.6200000,15754
GDAX.BTC-USD,D,20200801,000000,11351.6100000,11888.0000000,11237.8200000,11810.0700000,18289
GDAX.BTC-USD,D,20200802,000000,11810.0700000,12134.2900000,10546.1500000,11068.5400000,28117
GDAX.BTC-USD,D,20200803,000000,11067.4600000,11486.6000000,10911.7400000,11233.1300000,13764
GDAX.BTC-USD,D,20200804,000000,11233.1600000,11417.1100000,11006.1600000,11197.0400000,12082
GDAX.BTC-USD,D,20200805,000000,11197.0500000,11798.8700000,11073.7000000,11756.7500000,16652
GDAX.BTC-USD,D,20200806,000000,11756.7500000,11916.6800000,11580.1900000,11773.8900000,18054
GDAX.BTC-USD,D,20200807,000000,11773.8900000,11920.0000000,11350.0000000,11606.5200000,23743
GDAX.BTC-USD,D,20200808,000000,11606.5200000,11818.1800000,11529.4500000,11774.9800000,7319
GDAX.BTC-USD,D,20200809,000000,11773.2400000,11810.2400000,11532.0400000,11688.4800000,7591
GDAX.BTC-USD,D,20200810,000000,11688.2500000,12086.2200000,11470.0100000,11899.7300000,22152
GDAX.BTC-USD,D,20200811,000000,11899.8700000,11943.0000000,11120.0000000,11388.5300000,20698
GDAX.BTC-USD,D,20200812,000000,11388.8800000,11625.0000000,11148.5400000,11566.4500000,12834
GDAX.BTC-USD,D,20200813,000000,11566.4400000,11802.0900000,11274.1400000,11795.9500000,15372
GDAX.BTC-USD,D,20200814,000000,11795.9500000,11865.9700000,11651.2400000,11779.0000000,13796
GDAX.BTC-USD,D,20200815,000000,11777.5000000,11989.9800000,11688.0000000,11859.2400000,12590
GDAX.BTC-USD,D,20200816,000000,11860.0200000,11940.0000000,11686.5300000,11918.8400000,8901
GDAX.BTC-USD,D,20200817,000000,11918.8400000,12486.6100000,11775.0000000,12304.2600000,23813
GDAX.BTC-USD,D,20200818,000000,12303.9800000,12400.0000000,11825.0000000,11950.0000000,18639
GDAX.BTC-USD,D,20200819,000000,11954.2200000,12024.8300000,11569.0000000,11758.8700000,16653
GDAX.BTC-USD,D,20200820,000000,11758.8700000,11892.1600000,11671.4800000,11864.2600000,8813
GDAX.BTC-USD,D,20200821,000000,11864.2600000,11884.9900000,11480.0000000,11529.2200000,14854
GDAX.BTC-USD,D,20200822,000000,11529.9900000,11693.1600000,11370.0000000,11672.9300000,7946
GDAX.BTC-USD,D,20200823,000000,11672.9200000,11715.0000000,11525.6200000,11650.0100000,5511
GDAX.BTC-USD,D,20200824,000000,11650.0100000,11823.6200000,11592.9100000,11753.8500000,7243
GDAX.BTC-USD,D,20200825,000000,11753.2600000,11769.7600000,11102.7300000,11324.9200000,14348
GDAX.BTC-USD,D,20200826,000000,11324.9200000,11539.9900000,11254.8900000,11463.2700000,9108
GDAX.BTC-USD,D,20200827,000000,11463.2700000,11597.9200000,11125.0000000,11330.0600000,13497
GDAX.BTC-USD,D,20200828,000000,11330.5600000,11550.5100000,11282.0900000,11535.0000000,10359
GDAX.BTC-USD,D,20200829,000000,11535.0000000,11580.0000000,11422.2100000,11474.3100000,5431
GDAX.BTC-USD,D,20200830,000000,11474.3000000,11720.0000000,11463.8700000,11716.0100000,5572
GDAX.BTC-USD,D,20200831,000000,11716.0000000,11784.6600000,11576.0000000,11655.0000000,9125
GDAX.BTC-USD,D,20200901,000000,11655.0000000,12086.0000000,11525.0900000,11924.2200000,16063
GDAX.BTC-USD,D,20200902,000000,11924.2200000,11950.0000000,11160.0000000,11395.4800000,19729
GDAX.BTC-USD,D,20200903,000000,11395.4900000,11474.9900000,10005.0000000,10172.5200000,30389
GDAX.BTC-USD,D,20200904,000000,10172.1300000,10638.3400000,9895.2200000,10500.0500000,23379
GDAX.BTC-USD,D,20200905,000000,10500.0500000,10564.8000000,9813.0000000,10168.3600000,22459
GDAX.BTC-USD,D,20200906,000000,10169.5800000,10358.8800000,10000.0000000,10257.8600000,9504
GDAX.BTC-USD,D,20200907,000000,10258.6700000,10410.9000000,9880.0000000,10375.0000000,11989
GDAX.BTC-USD,D,20200908,000000,10375.0000000,10440.9100000,9819.8300000,10125.6900000,15771
GDAX.BTC-USD,D,20200909,000000,10126.4100000,10349.9900000,9983.3400000,10224.5600000,9652
GDAX.BTC-USD,D,20200910,000000,10224.5600000,10489.0000000,10216.4100000,10343.2300000,11223
GDAX.BTC-USD,D,20200911,000000,10344.2400000,10411.4400000,10200.0000000,10394.4100000,7195
GDAX.BTC-USD,D,20200912,000000,10394.4100000,10483.2300000,10276.1900000,10446.5200000,6481
GDAX.BTC-USD,D,20200913,000000,10446.5200000,10582.3600000,10211.0000000,10336.7600000,10448
GDAX.BTC-USD,D,20200914,000000,10336.7600000,10760.6200000,10253.0000000,10679.9500000,13530
GDAX.BTC-USD,D,20200915,000000,10678.4100000,10950.0000000,10613.1800000,10783.7500000,12645
GDAX.BTC-USD,D,20200916,000000,10783.3600000,11099.9500000,10662.0200000,10959.6100000,10994
GDAX.BTC-USD,D,20200917,000000,10957.0600000,11044.0000000,10735.5500000,10943.6100000,8908
GDAX.BTC-USD,D,20200918,000000,10943.9900000,11039.8800000,10813.0000000,10937.5200000,8670
GDAX.BTC-USD,D,20200919,000000,10937.5000000,11179.9000000,10891.7800000,11080.0000000,5720
GDAX.BTC-USD,D,20200920,000000,11081.0900000,11081.3700000,10759.3700000,10920.8900000,5962
GDAX.BTC-USD,D,20200921,000000,10920.9400000,10994.0000000,10180.0000000,10416.8200000,15015
GDAX.BTC-USD,D,20200922,000000,10416.8300000,10576.8200000,10355.0000000,10531.1300000,7918
GDAX.BTC-USD,D,20200923,000000,10531.1300000,10541.2500000,10135.2200000,10235.1000000,8904
GDAX.BTC-USD,D,20200924,000000,10237.4100000,10795.8700000,10192.5600000,10740.0100000,9681
GDAX.BTC-USD,D,20200925,000000,10740.0000000,10765.0700000,10551.0000000,10690.5300000,9675
GDAX.BTC-USD,D,20200926,000000,10690.5300000,10828.0000000,10654.5800000,10730.0000000,3783
GDAX.BTC-USD,D,20200927,000000,10730.0000000,10806.3200000,10595.2400000,10778.2000000,3864
GDAX.BTC-USD,D,20200928,000000,10779.0000000,10956.1100000,10621.2200000,10695.5500000,8878
GDAX.BTC-USD,D,20200929,000000,10694.9000000,10860.7900000,10636.1300000,10840.7300000,8194
GDAX.BTC-USD,D,20200930,000000,10839.9800000,10847.0000000,10657.0400000,10779.6300000,6310
GDAX.BTC-USD,D,20201001,000000,10779.6300000,10931.9800000,10427.7500000,10617.6300000,12848
GDAX.BTC-USD,D,20201002,000000,10616.3500000,10668.5600000,10363.7600000,10573.1200000,10251
